1403636579763555840.000000 0.000000000 0.000000000 0.000000000 -0.000000000 -0.000000000 -0.000000000 1.000000000
1403636579863555584.000000 0.000984144 0.067082480 0.027494803 -0.000974120 0.004893218 -0.002105341 0.999985337
1403636579913555712.000000 0.000834860 0.110437579 0.042099692 -0.006136734 0.005737459 -0.002738773 0.999960959
1403636580013555456.000000 -0.002344223 0.207632303 0.071044952 -0.017371068 0.005656281 -0.001163337 0.999832451
1403636580213555456.000000 -0.007458367 0.403048068 0.125711307 -0.027764596 0.004737232 0.003358783 0.999597609
1403636580313555456.000000 -0.009960496 0.484531403 0.144436851 -0.034364000 0.004690899 0.000284199 0.999398351
1403636580463555584.000000 -0.014751117 0.576445162 0.157550067 -0.056396525 0.003153228 -0.001978308 0.998401523
1403636580663555584.000000 -0.021375511 0.530595779 0.138560310 -0.072791025 0.000185416 -0.000714972 0.997346938
1403636580813555456.000000 -0.023970412 0.350496769 0.098558836 -0.056858048 0.007382971 -0.009187900 0.998312712
1403636586463555584.000000 0.011385251 0.217482761 -0.055941161 -0.187206849 0.044383198 0.015125912 0.981200755
1403636586613555456.000000 0.025042051 0.215640947 -0.084963284 -0.205802679 0.041235875 0.013431759 0.977632105
1403636587413555712.000000 0.160546258 0.181467876 -0.025461698 -0.196346223 0.028127255 0.007142304 0.980105102
1403636588063555840.000000 0.596707404 0.158050418 0.030224925 -0.200727910 0.065024018 0.030146664 0.977021694
1403636588263555840.000000 0.676495850 0.172292516 0.038410421 -0.205251127 0.065116964 0.031421121 0.976035118
1403636589713555456.000000 -0.241415828 0.190477595 -0.079943575 -0.192656890 0.017059578 0.010508743 0.981061637
1403636589963555584.000000 -0.435296148 0.222983763 -0.094241008 -0.202188566 -0.003596371 0.008154925 0.979306042
1403636590163555584.000000 -0.522238433 0.228782445 -0.103245012 -0.193096071 -0.017214755 0.007862462 0.980997324
1403636590713555456.000000 -0.301096082 0.203662068 -0.126343682 -0.187862560 0.007677934 0.002119266 0.982163012
1403636590913555712.000000 -0.122393414 0.200190067 -0.117677405 -0.197503716 0.014111902 0.008851578 0.980160594
1403636591163555584.000000 0.105771154 0.197172984 -0.094492957 -0.197110385 0.014814428 0.012947482 0.980183899
1403636591363555584.000000 0.253420502 0.202486321 -0.071312182 -0.201484412 0.020499771 0.016307460 0.979141414
1403636591563555840.000000 0.338834137 0.222227469 -0.039836831 -0.197437048 0.032957092 0.019636042 0.979564667
1403636591763555840.000000 0.385419369 0.231103525 0.002166989 -0.161612436 0.059088226 0.019110342 0.984898388
1403636591963555584.000000 0.409309477 0.219703227 0.033825181 -0.136110529 0.079277813 0.023539491 0.987236023
1403636592163555584.000000 0.458616287 0.202914998 0.094985455 -0.150645480 0.098485857 0.038904235 0.982900262
1403636592413555712.000000 0.503252983 0.167315766 0.215421796 -0.170564696 0.097451791 0.046662919 0.979404628
1403636593513555456.000000 -0.320255876 0.221297920 0.104835756 -0.179348364 -0.107106946 -0.008889074 0.977897346
1403636593713555456.000000 -0.293470681 0.300049692 -0.056287542 -0.193882748 -0.079542808 0.008106845 0.977761090
1403636593913555712.000000 -0.150699675 0.354060888 -0.180788428 -0.191164419 -0.011498381 0.036645010 0.980806351
1403636594113555456.000000 0.063539661 0.362162650 -0.234093666 -0.174176887 0.067021422 0.061934415 0.980476737
1403636594313555456.000000 0.292387486 0.345982224 -0.177072331 -0.175443962 0.119856045 0.074184589 0.974346280
1403636594513555456.000000 0.499129355 0.297811389 -0.028004486 -0.163471282 0.140996948 0.064214297 0.974306703
1403636594713555456.000000 0.586667776 0.238276109 0.158769011 -0.146461174 0.135860264 0.064219907 0.977735579
1403636595913555712.000000 0.095806524 0.382518530 -0.013524071 -0.165264264 -0.012449541 -0.003230472 0.986165464
1403636596113555456.000000 0.269309044 0.431661844 -0.117368579 -0.173194602 0.046936553 0.013996746 0.983668983
1403636596363555584.000000 0.216631934 0.456896305 -0.285467654 -0.169000477 0.067053907 0.031072520 0.982841372
1403636596613555456.000000 0.032749757 0.463031560 -0.464923739 -0.159062877 0.063368492 0.019421335 0.985041261
1403636597213555456.000000 0.062207118 0.376473546 -0.143747956 -0.175001845 0.049781654 -0.000086541 0.983308792
1403636598163555584.000000 -0.068768322 0.326331049 0.058288112 -0.156054020 -0.076378852 -0.050095294 0.983516097
1403636598413555712.000000 -0.031368289 0.426892877 -0.041942157 -0.188929111 -0.058965117 -0.057086263 0.978555083
1403636598613555456.000000 0.014415394 0.457794011 0.036020376 -0.173496962 -0.061503846 -0.058572393 0.981165290
1403636598813555456.000000 0.049904175 0.474018604 0.183629125 -0.133953705 -0.085459761 -0.055243641 0.985749066
1403636599563555840.000000 0.097205088 0.593143225 0.496995240 -0.004429575 -0.087603912 -0.033093501 0.995595694
1403636599763555840.000000 0.104377493 0.613560319 0.512024045 0.000167750 -0.084017485 -0.031388376 0.995969772
1403636611663555584.000000 0.114246517 0.617009521 0.510159492 0.018438041 -0.085873559 -0.017504590 0.995981634
1403636624513555456.000000 0.134703293 0.620537460 0.498346001 -0.002621447 -0.074944988 -0.019395430 0.996995628
1403636624713555456.000000 0.172722295 0.628632963 0.479020715 -0.003998375 -0.068961769 -0.027747665 0.997225344
1403636624963555584.000000 0.250802755 0.630328357 0.419228166 -0.020230005 -0.058735020 -0.061054453 0.996199429
1403636625213555456.000000 0.293082654 0.539212465 0.330214024 -0.038746838 -0.060048487 -0.062417258 0.995488286
1403636625463555584.000000 0.296627879 0.481236666 0.299867898 -0.033768266 -0.065537915 -0.055031046 0.995759070
1403636625713555456.000000 0.284892648 0.474308580 0.330140740 -0.031795494 -0.068274252 -0.056796584 0.995540977
1403636627063555840.000000 0.307278931 -0.002109364 0.355409861 -0.014361792 -0.081074692 -0.054832358 0.995095015
1403636627413555712.000000 0.369045198 -0.047378536 0.297593564 -0.006540194 -0.083439991 -0.051680148 0.995150328
1403636627713555456.000000 0.432321072 -0.115152143 0.232699782 -0.016898185 -0.065717958 -0.043209020 0.996759057
1403636628063555840.000000 0.526345730 -0.070604555 0.245131105 -0.039760016 -0.028091701 -0.038664609 0.998065650
1403636628763555840.000000 0.715778708 -0.339572728 0.328969359 -0.008200847 -0.023977105 -0.017953139 0.999517679
1403636629413555712.000000 1.069579005 -0.475240022 0.470442832 -0.017772434 0.027099762 -0.007090534 0.999449611
1403636629713555456.000000 1.274343014 -0.458462149 0.606464446 -0.025390139 0.070011124 0.014287925 0.997120678
1403636629963555584.000000 1.488658071 -0.393380284 0.770180821 -0.037458777 0.122864746 0.027434589 0.991336703
1403636630213555456.000000 1.711017966 -0.419148415 0.956600606 -0.016472315 0.150210083 0.032962121 0.987967193
1403636630663555584.000000 2.105658531 -0.660513997 1.241567612 -0.017733268 0.156338662 0.022463692 0.987288773
1403636631013555456.000000 2.383572340 -0.798028350 1.490796089 -0.018102573 0.145724341 0.027568102 0.988775373
1403636631963555584.000000 3.051300049 -0.901769519 2.302217722 -0.014733043 0.140026242 0.015374023 0.989918828
1403636632813555456.000000 3.399770498 -0.969683111 2.987488270 -0.031271659 0.096258074 0.025916845 0.994527459
1403636633413555712.000000 3.632707119 -1.119064093 3.566873312 -0.024383839 0.025269562 -0.016340094 0.999249697
1403636633713555456.000000 3.740418434 -1.136439919 3.928061724 -0.032887377 0.028011801 -0.009704032 0.999019325
1403636634013555456.000000 3.863679886 -1.259437919 4.309632778 -0.026285883 0.032009315 0.006723304 0.999119222
1403636634313555456.000000 4.031252861 -1.420406580 4.716717243 -0.026009362 0.034236271 -0.003162168 0.999070287
1403636634613555456.000000 4.228341579 -1.587336540 5.146461964 -0.006785390 0.031460229 -0.016654082 0.999343216
1403636634963555584.000000 4.419063091 -1.734082341 5.613366604 -0.016158784 0.008134563 -0.028173940 0.999439359
1403636635263555840.000000 4.552561283 -1.879551649 5.989334583 -0.022748083 -0.003454792 -0.031614166 0.999235272
1403636635613555456.000000 4.685821056 -2.040742874 6.467457771 -0.027316622 -0.009999538 -0.018450638 0.999406517
1403636635963555584.000000 4.860589981 -2.378115416 6.933660030 -0.020558216 -0.011236250 -0.002537938 0.999722302
1403636636263555840.000000 5.074520111 -2.701768160 7.345396042 -0.019588545 -0.002371049 -0.025859317 0.999470830
1403636636513555456.000000 5.255108356 -3.009039164 7.662903786 0.011136719 -0.000241172 -0.033466928 0.999377787
1403636636863555584.000000 5.460107803 -3.223764896 8.082852364 0.010497195 0.009334294 -0.063257933 0.997898340
1403636637163555584.000000 5.524465561 -3.264279604 8.379866600 -0.005539961 -0.004502330 -0.035240732 0.999353349
1403636637563555840.000000 5.562528133 -3.334656715 8.722231865 -0.022508712 -0.009840639 -0.034050141 0.999118149
1403636637963555584.000000 5.564450264 -3.628069162 9.030743599 -0.013105615 -0.013808044 -0.033626646 0.999253154
1403636638363555584.000000 5.566677570 -3.723984241 9.394479752 -0.012860758 -0.018042808 -0.027554002 0.999374747
1403636638713555456.000000 5.609253883 -3.722613335 9.760039330 -0.044434577 -0.019928968 -0.024100069 0.998522699
1403636639063555840.000000 5.685328007 -3.944714546 10.184602737 -0.023047520 -0.025250714 -0.012900423 0.999332190
1403636639413555712.000000 5.856438160 -4.041210651 10.679440498 -0.025009848 -0.024215730 -0.016254701 0.999261677
1403636639763555840.000000 6.096042633 -4.032052040 11.232565880 -0.007887071 -0.018345537 -0.039497647 0.999020100
1403636640913555712.000000 6.630184650 -4.384110928 12.498968124 -0.009465300 -0.057916276 -0.051831674 0.996930122
1403636641413555712.000000 6.782164097 -4.455983162 12.899782181 -0.007444589 -0.058840282 -0.038407203 0.997500539
1403636641663555584.000000 6.862429142 -4.441092491 13.085895538 -0.006786053 -0.055165038 -0.044555821 0.997459590
1403636641863555584.000000 6.927969933 -4.488066673 13.195846558 -0.004788906 -0.053524461 -0.046930466 0.997451603
1403636643013555456.000000 7.250071526 -4.644712925 13.593385696 -0.025867099 0.003817780 -0.021699773 0.999422550
1403636643263555840.000000 7.321518898 -4.684050560 13.682206154 -0.010924858 0.002282444 -0.019877532 0.999740183
1403636643663555584.000000 7.461124897 -4.753539085 13.828214645 -0.033090986 -0.000874488 -0.022023674 0.999209285
1403636643963555584.000000 7.571599007 -4.914833069 13.979022980 -0.046937931 -0.001306849 -0.026969953 0.998532832
1403636644213555456.000000 7.670003414 -5.010022640 14.207103729 -0.042706884 -0.001990638 -0.025647322 0.998756468
1403636644413555712.000000 7.746168613 -5.069420815 14.451838493 -0.014327365 -0.008740688 -0.003750849 0.999852121
1403636644663555584.000000 7.891513348 -5.056895733 14.770871162 0.000559944 -0.011291138 0.005233644 0.999922395
1403636645663555584.000000 8.711189270 -4.965336323 16.047084808 -0.038192820 0.007147051 -0.026172401 0.998902023
1403636645863555584.000000 8.855146408 -5.051540852 16.400522232 -0.036604680 0.006308537 -0.024031000 0.999020934
1403636646063555840.000000 8.992487907 -5.220318794 16.758951187 -0.024635756 0.012632850 -0.012777184 0.999535024
1403636646263555840.000000 9.153060913 -5.410900593 17.104831696 -0.010367853 0.047073435 0.012024249 0.998765230
1403636646513555456.000000 9.405683517 -5.611077309 17.543670654 0.011422690 0.111538462 0.030431293 0.993228436
1403636646863555584.000000 9.763950348 -5.916765213 18.011560440 0.008636602 0.155189723 0.032059927 0.987326562
1403636647113555456.000000 10.004374504 -6.142168045 18.258466721 -0.002288795 0.159552515 0.032658022 0.986646473
1403636647413555712.000000 10.300363541 -6.309215546 18.532464981 -0.002311422 0.154062361 0.035118204 0.987434149
1403636647763555840.000000 10.643992424 -6.447669029 18.812374115 0.010563347 0.150593057 0.039564293 0.987747371
1403636648113555456.000000 11.024218559 -6.517939568 18.989046097 0.005476401 0.194440126 0.049531817 0.979647756
1403636648463555584.000000 11.455792427 -6.424311638 19.117549896 0.006354586 0.282829404 0.080303960 0.955781579
1403636649313555456.000000 12.314512253 -6.453582287 19.130821228 0.004370051 0.351182133 0.092417657 0.931724787
1403636649713555456.000000 12.670852661 -6.813261986 19.036092758 0.010461146 0.345397711 0.095581874 0.933517635
1403636650213555456.000000 13.047332764 -6.993264198 18.833477020 0.015931128 0.386008710 0.101082735 0.916801929
1403636650663555584.000000 13.310182571 -6.861188889 18.620748520 -0.001440145 0.475177586 0.142449647 0.868281245
1403636651063555840.000000 13.472828865 -6.765542507 18.399513245 0.009838297 0.501215339 0.141553149 0.853609443
1403636651863555584.000000 13.535139084 -6.749046803 17.859376907 0.022529578 0.491327733 0.149094909 0.857822955
1403636652263555840.000000 13.502212524 -6.452887058 17.496982574 0.010743680 0.576816618 0.178459764 0.797069192
1403636652763555840.000000 13.444715500 -6.110942841 17.001094818 -0.022583997 0.650286555 0.229562506 0.723822117
1403636653313555456.000000 13.631521225 -5.977982998 16.437578201 -0.001405211 0.655405402 0.199312165 0.728502870
1403636653463555584.000000 13.693572998 -5.929994583 16.303592682 0.001420656 0.651604533 0.193791300 0.733385682
1403636653813555456.000000 13.790594101 -5.943773270 15.994192123 0.008495163 0.646059215 0.185276657 0.740410626
1403636654013555456.000000 13.814254761 -5.888267040 15.840723038 0.009334770 0.644032240 0.188367575 0.741385937
1403636654313555456.000000 13.810776711 -5.770038605 15.630242348 0.010795220 0.657594323 0.195802212 0.727402687
1403636654463555584.000000 13.775146484 -5.755708694 15.513861656 0.005139647 0.675057769 0.204697415 0.708780348
1403636654763555840.000000 13.696678162 -5.768340111 15.250668526 -0.001013697 0.706673920 0.227218807 0.670061588
1403636655063555840.000000 13.612815857 -5.692183971 15.039143562 0.006066371 0.723526537 0.221267834 0.653844833
1403636655213555456.000000 13.563950539 -5.633762836 14.951910019 0.014100095 0.727049828 0.216321751 0.651463449
1403636655513555456.000000 13.399945259 -5.520343781 14.788733482 0.023079352 0.741787732 0.221429750 0.632603526
1403636655813555456.000000 13.162508965 -5.384555817 14.618009567 0.009464569 0.758445144 0.257341832 0.598703980
1403636655963555584.000000 13.041153908 -5.254125595 14.549657822 0.010607712 0.773491204 0.268092990 0.574216843
1403636656113555456.000000 12.924537659 -5.135207653 14.441637039 0.011020663 0.786568820 0.271939576 0.554289520
1403636656263555840.000000 12.812060356 -5.056836128 14.312778473 0.004939851 0.794034600 0.273827821 0.542681336
1403636656413555712.000000 12.698724747 -5.033711433 14.163719177 0.001631595 0.795983195 0.277078539 0.538177967
1403636656663555584.000000 12.540918350 -5.028772354 13.887611389 0.002419846 0.797584176 0.268821329 0.539989531
1403636656813555456.000000 12.460297585 -5.008250237 13.732644081 0.013329715 0.801556706 0.250721663 0.542648911
1403636657013555456.000000 12.328745842 -4.935235977 13.541688919 0.018337419 0.801570952 0.241236567 0.546765625
1403636657163555584.000000 12.214740753 -4.848130226 13.414298058 0.025510024 0.799204290 0.242448881 0.549399972
1403636657313555456.000000 12.076687813 -4.776927471 13.292783737 0.025185989 0.796008527 0.249956995 0.550688267
1403636657663555584.000000 11.694832802 -4.598113060 12.990440369 0.016758122 0.788819432 0.273168027 0.550329268
1403636657813555456.000000 11.527976036 -4.490205288 12.849870682 0.019750260 0.790341139 0.275425225 0.546911120
1403636658113555456.000000 11.200341225 -4.265472889 12.497257233 0.015407267 0.791851580 0.284060419 0.540410340
1403636658263555840.000000 11.033183098 -4.188168526 12.285010338 0.002525694 0.796719968 0.276083916 0.537595212
1403636658413555712.000000 10.886889458 -4.091499805 12.063476562 -0.004815306 0.798647940 0.273876250 0.535845160
1403636658613555456.000000 10.711665154 -3.929697752 11.782508850 -0.017351262 0.802144587 0.265829235 0.534413517
1403636658713555456.000000 10.639340401 -3.856613874 11.650252342 -0.019801376 0.803448915 0.262995243 0.533770919
1403636658963555584.000000 10.487616539 -3.653129101 11.367956161 -0.012879671 0.808768988 0.248902589 0.532704890
1403636659063555840.000000 10.442300797 -3.564483166 11.266893387 -0.003260490 0.809257507 0.247012019 0.532988608
1403636659213555456.000000 10.358317375 -3.418112755 11.148181915 0.004171884 0.810003638 0.243531168 0.533450365
1403636659313555456.000000 10.303355217 -3.335071564 11.070992470 0.003021422 0.808982790 0.246298835 0.533736587
1403636659413555712.000000 10.237897873 -3.260477066 11.002752304 -0.002534600 0.806851149 0.252215415 0.534202397
1403636659563555840.000000 10.151197433 -3.171303988 10.903011322 -0.006457207 0.805290699 0.257455647 0.534024119
1403636659763555840.000000 10.044476509 -3.057436228 10.787303925 -0.004229952 0.808701992 0.251196802 0.531867921
1403636659913555712.000000 9.968756676 -2.955344200 10.731391907 -0.004768464 0.809574962 0.252770633 0.529785514
1403636660013555456.000000 9.918820381 -2.873944759 10.702283859 -0.010388839 0.808140934 0.259417236 0.528680444
1403636660163555584.000000 9.848436356 -2.738914013 10.678228378 -0.017241234 0.806098819 0.268551230 0.527055681
1403636660463555584.000000 9.773162842 -2.502589464 10.638227463 -0.032837134 0.799566865 0.288806051 0.525552690
1403636660813555456.000000 9.862324715 -2.278693676 10.587785721 -0.022276210 0.812881231 0.247477770 0.526766181
1403636660963555584.000000 9.924437523 -2.155801773 10.606006622 -0.022212893 0.815773427 0.237415433 0.526929080
1403636661113555456.000000 9.987848282 -2.029836655 10.664915085 -0.011082544 0.814705610 0.240443915 0.527559161
1403636661263555840.000000 10.050749779 -1.908926845 10.742176056 -0.003479748 0.813634813 0.243524581 0.527903438
1403636661413555712.000000 10.101256371 -1.827740431 10.827822685 -0.001283810 0.813472152 0.243472114 0.528188169
1403636661713555456.000000 10.169334412 -1.769009948 11.016418457 0.003302356 0.810829878 0.249044493 0.529642284
1403636661863555584.000000 10.187523842 -1.791751862 11.108316422 0.017084777 0.808725238 0.252707392 0.530858338
1403636662013555456.000000 10.191283226 -1.846301079 11.183718681 0.019601578 0.808198690 0.252415955 0.531711280
1403636662213555456.000000 10.152930260 -1.932120681 11.279222488 0.010256263 0.809591830 0.248667404 0.531620502
1403636662463555584.000000 10.084675789 -1.984994650 11.424657822 -0.010148126 0.810036242 0.252062380 0.529342055
1403636662663555584.000000 10.038022041 -1.997733474 11.575811386 -0.002293452 0.804728925 0.271133304 0.528103054
1403636662863555584.000000 10.005384445 -1.983771324 11.725646973 0.017250029 0.802157402 0.280313224 0.526944399
1403636663063555840.000000 9.974411011 -1.922643304 11.847330093 0.014672000 0.797726095 0.294766694 0.525861621
1403636663463555584.000000 9.952122688 -1.790458918 11.924966812 -0.030412283 0.801827312 0.286188871 0.523683190
1403636663663555584.000000 10.015879631 -1.671464682 11.949596405 -0.042873386 0.800648928 0.288567543 0.523308754
1403636663813555456.000000 10.116764069 -1.586845875 11.975275040 -0.053459674 0.804209054 0.274965912 0.524198055
1403636664013555456.000000 10.320876122 -1.535509109 12.011007309 -0.055485714 0.811363578 0.245729700 0.527472675
1403636664213555456.000000 10.592336655 -1.574274302 12.101652145 -0.034247071 0.811257899 0.238787919 0.532604992
1403636664463555584.000000 10.951415062 -1.574857950 12.303333282 -0.012501127 0.807090163 0.236474708 0.540859461
1403636664713555456.000000 11.294196129 -1.530383348 12.590607643 0.005734730 0.799275398 0.241354883 0.550339699
1403636664963555584.000000 11.588501930 -1.559283733 12.874559402 -0.003752392 0.793623567 0.243022010 0.557752490
1403636665213555456.000000 11.870457649 -1.685861588 13.151111603 -0.007151210 0.784769654 0.260641992 0.562273383
1403636665463555584.000000 12.155202866 -1.848753214 13.402791977 0.001593937 0.786334276 0.255091280 0.562676072
1403636665763555840.000000 12.481055260 -2.051593304 13.692545891 -0.017081760 0.793173492 0.243360206 0.557996273
1403636666363555584.000000 13.072898865 -2.406765938 14.359902382 0.017473143 0.793795943 0.248430520 0.554855824
1403636666713555456.000000 13.292478561 -2.549061537 14.722674370 0.000467802 0.787647426 0.258111715 0.559454799
1403636667013555456.000000 13.458226204 -2.716789484 14.989691734 0.004029668 0.773186266 0.291859418 0.563014030
1403636667363555584.000000 13.713981628 -2.762920141 15.227499962 -0.000458376 0.789370000 0.241707891 0.564333320
1403636667713555456.000000 13.934598923 -2.786568165 15.505161285 -0.003419911 0.778789997 0.269378215 0.566489160
1403636668063555840.000000 14.189385414 -2.883456230 15.714171410 -0.000405430 0.780709505 0.269205004 0.563933671
1403636668413555712.000000 14.467675209 -2.844827890 15.917674065 -0.013949170 0.787940800 0.263811290 0.556199908
1403636668763555840.000000 14.805233955 -2.743751049 16.167606354 -0.019696467 0.795884132 0.253722578 0.549368143
1403636669063555840.000000 15.130990028 -2.745450974 16.416614532 -0.011519958 0.801812351 0.238465771 0.547812343
1403636669363555584.000000 15.420178413 -2.836545229 16.732852936 -0.000317621 0.801743686 0.241653025 0.546635985
1403636669663555584.000000 15.676564217 -2.873751879 17.124574661 0.012440770 0.806105077 0.224914089 0.547223449
1403636669963555584.000000 15.813950539 -3.002897978 17.560119629 0.052692980 0.792263031 0.254976034 0.551842332
1403636670213555456.000000 15.791586876 -3.138375044 17.842266083 0.073217019 0.779504240 0.273385644 0.558813691
1403636670463555584.000000 15.632306099 -3.247658253 17.998069763 0.097778685 0.761218071 0.280591846 0.576415420
1403636672013555456.000000 12.637839317 -2.938192368 14.722732544 -0.075233683 0.570869386 0.214773834 0.788872778
1403636673063555840.000000 12.332496643 -2.706033230 13.253184319 -0.030062370 0.564774990 0.164267987 0.808171690
1403636673713555456.000000 12.505012512 -2.712216854 13.254543304 -0.041143227 0.526311755 0.151684389 0.835640490
1403636674263555840.000000 12.841948509 -2.831387281 13.691818237 -0.018147429 0.525865614 0.146161571 0.837718844
1403636675513555456.000000 13.812967300 -2.760946989 15.052111626 -0.034022670 0.476054817 0.123342551 0.870058000
1403636676613555456.000000 14.822430611 -2.900241375 16.785608292 -0.027924709 0.282381535 0.051022697 0.957537234
1403636677013555456.000000 15.012004852 -3.146587372 17.442935944 -0.013243392 0.238068402 0.065644920 0.968936920
1403636677413555712.000000 15.226192474 -3.192208767 18.147766113 0.003251333 0.234399319 0.032545317 0.971590042
1403636678463555584.000000 15.322411537 -3.619537354 19.241937637 -0.011758083 0.031680666 -0.012719368 0.999347925
1403636678813555456.000000 15.399410248 -3.807660818 19.462806702 -0.011808557 -0.037602555 -0.065632313 0.997065187
1403636679163555584.000000 15.359614372 -3.858806372 19.689369202 -0.006207671 -0.109757766 -0.097919852 0.989103854
1403636679663555584.000000 15.159619331 -3.928739071 19.854824066 -0.006012430 -0.231608048 -0.099632837 0.967674971
1403636679913555712.000000 15.101725578 -4.067887783 19.858148575 0.006599684 -0.246851712 -0.113758035 0.962330401
1403636680163555584.000000 15.051404953 -4.247546196 19.787370682 0.019018967 -0.235839337 -0.143965781 0.960880816
1403636680413555712.000000 14.961435318 -4.358411789 19.650434494 0.020437527 -0.225961611 -0.155611187 0.961409807
1403636680713555456.000000 14.753362656 -4.348695278 19.387947083 0.008792620 -0.219956502 -0.149403840 0.963960767
1403636681013555456.000000 14.440715790 -4.236623764 19.051708221 -0.029860165 -0.231054708 -0.103820719 0.966924727
1403636681313555456.000000 14.129629135 -4.065948486 18.796886444 -0.019471804 -0.227308482 -0.117611423 0.966498494
1403636681613555456.000000 13.792910576 -3.986444235 18.542167664 -0.002943075 -0.232679218 -0.113950089 0.965850472
1403636682013555456.000000 13.341331482 -3.855866909 18.165596008 0.000537445 -0.239001036 -0.115494408 0.964126170
1403636682313555456.000000 13.003475189 -3.802657127 17.826879501 -0.013182023 -0.242773101 -0.111748494 0.963535011
1403636682613555456.000000 12.675138474 -3.714185476 17.513391495 -0.007698674 -0.238843918 -0.113444902 0.964377820
1403636683013555456.000000 12.232196808 -3.587149382 17.078716278 0.006375086 -0.230413437 -0.117316097 0.965974092
1403636683313555456.000000 11.910469055 -3.479762554 16.707754135 0.001178212 -0.235122994 -0.111581810 0.965538859
1403636683563555840.000000 11.643572807 -3.323266745 16.383300781 -0.001782257 -0.240026906 -0.109259181 0.964596510
1403636683813555456.000000 11.385929108 -3.132047176 16.069438934 -0.014745048 -0.242596075 -0.110644244 0.963684380
1403636684113555456.000000 11.082616806 -3.006271839 15.682255745 -0.011920588 -0.248040363 -0.109696634 0.962445080
1403636684763555840.000000 10.510753632 -2.842179298 14.836417198 0.000044728 -0.259710759 -0.100083172 0.960486233
1403636685063555840.000000 10.340229988 -2.634025574 14.480800629 0.001627031 -0.253117055 -0.115960404 0.960459411
1403636685363555584.000000 10.191900253 -2.504165411 14.077228546 -0.006684631 -0.243496180 -0.124780402 0.961818516
1403636685963555584.000000 9.805974960 -2.151652813 13.256366730 -0.004723542 -0.239940077 -0.117702931 0.963614285
1403636686263555840.000000 9.598795891 -1.959803343 12.836267471 -0.015266676 -0.243129402 -0.108076550 0.963833272
1403636686563555840.000000 9.392230988 -1.855776191 12.435905457 -0.021877255 -0.242910907 -0.107376128 0.963839233
1403636687513555456.000000 8.803158760 -1.540685534 11.448039055 -0.005821628 -0.248434871 -0.106324084 0.962777972
1403636687813555456.000000 8.672569275 -1.341468334 11.206245422 -0.004870945 -0.252116054 -0.102425165 0.962248862
1403636688113555456.000000 8.572223663 -1.056686878 10.997115135 -0.003106697 -0.248344809 -0.115080945 0.961806417
1403636688413555712.000000 8.479437828 -0.822648168 10.748474121 -0.007220612 -0.250762135 -0.109744176 0.961780846
1403636688813555456.000000 8.341581345 -0.466349602 10.438467026 -0.005420643 -0.247473553 -0.128199041 0.960360587
1403636689063555840.000000 8.204677582 -0.285926104 10.206964493 -0.015579893 -0.264570087 -0.125838414 0.955994070
1403636689463555584.000000 7.940587997 -0.190059781 9.816636086 -0.024172433 -0.285203934 -0.124072842 0.950094938
1403636689713555456.000000 7.753616810 -0.255783200 9.595993996 -0.038895160 -0.289232790 -0.119724154 0.948945582
1403636689963555584.000000 7.575825214 -0.302022517 9.462981224 -0.047068179 -0.293897152 -0.096108675 0.949827433
1403636690313555456.000000 7.363072395 -0.377296895 9.451906204 -0.041021571 -0.282414883 -0.117293172 0.951210499
1403636690563555840.000000 7.209840298 -0.498274773 9.516761780 -0.037013307 -0.283748716 -0.110104516 0.951837003
1403636690763555840.000000 7.094798088 -0.566246867 9.622076035 -0.037494622 -0.293983787 -0.077997327 0.951884508
1403636690963555584.000000 7.027779579 -0.560982466 9.805035591 -0.018911814 -0.302907765 -0.051257852 0.951452494
1403636691113555456.000000 7.046637535 -0.581647575 9.962842941 0.004732410 -0.306932807 -0.043594263 0.950720489
1403636691363555584.000000 7.242854118 -0.681754708 10.192015648 0.032577146 -0.296462089 -0.085788444 0.950625718
1403636691613555456.000000 7.565666199 -0.853453517 10.319199562 0.000217545 -0.297084540 -0.105117843 0.949047446
1403636691963555584.000000 8.052008629 -1.121022701 10.444828987 -0.002359085 -0.295417547 -0.119535856 0.947857678
1403636692363555584.000000 8.610511780 -1.385172009 10.530883789 -0.002352585 -0.291898906 -0.122194089 0.948608518
1403636692713555456.000000 9.067533493 -1.753351450 10.503647804 -0.005817523 -0.284374505 -0.130220711 0.949810445
1403636693063555840.000000 9.444019318 -2.068583965 10.436229706 -0.013743781 -0.274419338 -0.153075859 0.949248672
1403636693513555456.000000 9.713327408 -2.300402164 10.365442276 -0.045782108 -0.284836411 -0.133854881 0.948079705
1403636693913555712.000000 9.789633751 -2.422477484 10.490355492 -0.032083713 -0.289315909 -0.129074395 0.947948694
1403636694463555584.000000 9.791550636 -2.581508398 10.767143250 -0.012980753 -0.293532342 -0.124935634 0.947660983
1403636694913555712.000000 9.797780991 -2.645294666 10.980030060 -0.015003674 -0.293813646 -0.113115832 0.949027598
1403636695913555712.000000 9.934799194 -2.800559521 11.451156616 -0.008209140 -0.276238114 -0.125045672 0.952884436
1403636696363555584.000000 9.953392029 -2.725714684 11.634596825 -0.007629022 -0.271132976 -0.128896341 0.953841925
1403636696863555584.000000 9.939944267 -2.692637920 11.710007668 -0.002390230 -0.272563457 -0.117496252 0.954933524
1403636697813555456.000000 9.689650536 -2.744272470 11.291808128 -0.012640319 -0.224854439 -0.118857644 0.967033386
1403636698963555584.000000 8.858191490 -2.282855511 10.733385086 -0.018944824 -0.013425218 -0.031659283 0.999229014
1403636699963555584.000000 8.373095512 -2.083435535 10.435050011 -0.009890755 0.221242115 0.073316574 0.972408772
1403636701113555456.000000 8.701187134 -1.321988463 10.236009598 -0.020240704 0.293622106 0.090136185 0.951447248
1403636702363555584.000000 9.414132118 -1.155262470 9.992097855 -0.010720191 0.373184592 0.114201002 0.920639217
1403636703413555712.000000 10.167472839 -0.530113816 10.293737411 0.006159581 0.386726677 0.128947973 0.913113892
1403636704463555584.000000 11.039799690 -0.452369571 10.441902161 -0.022086479 0.380245447 0.113969930 0.917570949
1403636705163555584.000000 11.765446663 -0.433374763 10.790266037 -0.042168301 0.375697255 0.108295791 0.919426739
1403636705763555840.000000 12.519644737 -0.529891372 11.493505478 -0.028291570 0.377082944 0.104148224 0.919870198
1403636706263555840.000000 13.144501686 -0.688766837 12.156354904 0.002308129 0.369669646 0.112050101 0.922379434
1403636706813555456.000000 13.817710876 -0.772321939 12.803865433 -0.028000209 0.374265552 0.095852472 0.921929300
1403636707413555712.000000 14.481626511 -1.189569831 13.595684052 -0.025734928 0.388518423 0.099028111 0.915742636
1403636708113555456.000000 15.226619720 -1.751996160 14.729639053 -0.014901893 0.379667580 0.110334933 0.918398976
1403636708663555584.000000 15.919662476 -1.844448328 15.663946152 0.007863866 0.371921480 0.118071258 0.920690894
1403636709363555584.000000 16.644527435 -2.029997826 16.513502121 -0.006843404 0.398818493 0.091906033 0.912387133
1403636709913555712.000000 16.858957291 -2.177522659 17.220386505 -0.015019584 0.395244718 0.090101138 0.914022863
1403636710413555712.000000 16.865089417 -2.348288059 17.960844040 -0.000859553 0.374417305 0.104492366 0.921353519
1403636710863555584.000000 16.823207855 -2.300461769 18.624319077 0.002931492 0.312059253 0.086543813 0.946108162
1403636711363555584.000000 16.733789444 -2.379392147 19.177032471 -0.000828988 0.270888537 0.047215387 0.961451769
1403636711813555456.000000 16.463428497 -2.553157806 19.535224915 0.023023088 0.278191566 0.044304125 0.959227085
1403636712213555456.000000 16.058965683 -2.733095646 19.662496567 0.013596901 0.268935591 0.076244436 0.960039377
1403636712763555840.000000 15.436066628 -3.076924562 19.572141647 0.025364013 0.219482943 0.034309518 0.974682927
1403636713763555840.000000 14.038617134 -3.433482170 18.782838821 0.002019451 0.204449072 0.063364230 0.976822138
1403636714263555840.000000 13.484448433 -3.428694010 18.256805420 0.000297230 0.218025103 0.057833768 0.974228024
1403636715063555840.000000 12.858653069 -3.229501009 17.464977264 -0.030938841 0.118236914 0.013143620 0.992416263
1403636717063555840.000000 12.295061111 -2.980348825 16.050340652 -0.006727834 0.031509411 -0.013979951 0.999383092
1403636718163555584.000000 11.802753448 -2.623930931 14.955370903 -0.008377931 -0.068028584 -0.068985060 0.995260298
1403636719263555840.000000 10.821516037 -1.946665645 14.029394150 0.002726537 -0.167668462 -0.084851943 0.982181251
1403636719963555584.000000 10.393950462 -1.595193624 13.401460648 -0.011770410 -0.155469596 -0.070015848 0.985285997
1403636720563555840.000000 10.165377617 -1.292089343 12.918542862 -0.015544093 -0.156277806 -0.067596741 0.985274732
1403636721063555840.000000 10.082635880 -1.180768847 12.594938278 -0.011489673 -0.124131404 -0.055385485 0.990652204
1403636722313555456.000000 10.192231178 -0.847665846 11.851722717 -0.005348460 -0.040757842 -0.040683508 0.998326123
1403636723413555712.000000 10.115756989 -0.609020889 11.075011253 -0.005772893 -0.017273802 -0.037881516 0.999116242
1403636724463555584.000000 9.925921440 -0.322426915 10.280241013 -0.013851746 0.095776305 0.006726877 0.995283782
1403636728363555584.000000 9.227577209 -1.324151039 7.973745823 -0.000102457 0.098603979 0.000265108 0.995126724
1403636729563555840.000000 8.559498787 -1.107886314 7.034400463 0.001447006 0.029537003 -0.022073295 0.999318898
1403636730863555584.000000 7.730295658 -0.838127375 5.898072720 -0.034927439 0.025162226 -0.015189360 0.998957574
1403636732113555456.000000 7.480932713 -0.622239232 5.604960918 -0.004570551 0.025792576 -0.009505386 0.999611676
1403636733363555584.000000 7.239525318 -0.349239349 4.846401691 -0.000591750 0.024048455 -0.028452741 0.999305665
1403636734513555456.000000 6.489988327 -0.311281383 3.664711952 -0.011086897 0.017085252 -0.020101164 0.999590516
1403636735663555584.000000 5.785390854 -0.221596316 2.810646534 -0.016575664 0.022034317 -0.013682944 0.999526143
1403636737363555584.000000 4.867065430 -0.301908880 2.153663397 -0.009601069 -0.041848026 -0.039088249 0.998312950
1403636738163555584.000000 4.417501450 -0.483059287 1.816749096 -0.020234603 -0.046862893 -0.028193874 0.998298347
1403636739213555456.000000 4.415934086 -0.514814436 1.877318978 -0.007806106 0.112971224 0.039174862 0.992794991
1403636740213555456.000000 4.902426720 -0.193291038 2.008790970 -0.008760938 0.244185433 0.054203860 0.968172848
1403636740963555584.000000 5.156692505 0.238332450 2.118279457 -0.004056996 0.228955045 0.052301314 0.972022533
1403636741763555840.000000 5.317768574 0.894424856 2.175873995 -0.021503035 0.253846079 0.072938092 0.964250922
1403636742813555456.000000 5.530056953 1.206898451 2.403985500 -0.001470686 0.233855903 0.057729401 0.970554829
1403636743563555840.000000 5.783272743 1.517515063 2.714777946 -0.035854939 0.251297683 0.080080673 0.963924825
1403636744513555456.000000 6.369660378 2.122763395 3.625555038 0.008737971 0.289256573 0.096097648 0.952375770
1403636745313555456.000000 6.801335335 3.004866838 4.158535957 -0.012162150 0.279711723 0.078199349 0.956816733
1403636746113555456.000000 7.125724316 3.015434265 4.327732086 -0.002002463 0.313767701 0.060874205 0.947544277
1403636747913555712.000000 6.671804428 2.243716240 4.686500072 -0.007812484 0.310633183 0.088822350 0.946338534
1403636749713555456.000000 6.789671421 1.203773975 4.997164249 -0.000107465 0.335758805 0.077706598 0.938737333
1403636751463555584.000000 6.263539314 0.096603274 4.332662106 -0.012662226 0.302386820 0.091306828 0.948717535
1403636752713555456.000000 6.150774479 -0.804809749 4.015692711 -0.005335571 0.199280486 0.042576712 0.979002595
1403636753963555584.000000 5.839416504 -0.924147487 3.934144020 -0.004106834 0.012035738 -0.030340804 0.999458730
1403636756313555456.000000 3.639135361 -0.718246460 2.523613214 -0.002912233 -0.055892628 -0.052510962 0.997050703
1403636757163555584.000000 2.601773739 -0.564412773 1.787010908 0.000011322 -0.064362600 -0.051166471 0.996614039
1403636758013555456.000000 1.556353092 -0.379740864 0.895539582 -0.030743048 -0.095392153 -0.066840857 0.992717266
1403636758613555456.000000 0.773585320 -0.338716984 0.501487494 -0.053224307 -0.110568412 -0.037101980 0.991748571
1403636759163555584.000000 0.276366234 -0.191942796 0.426860660 -0.007141151 -0.111567356 -0.030175406 0.993272960
1403636761563555840.000000 -0.053600814 0.585543931 0.212884530 -0.015044929 -0.105771303 -0.066707872 0.992036402
1403636762063555840.000000 -0.178583533 0.531729102 0.232293248 -0.006402283 -0.103801124 -0.062140893 0.992634296
1403636762563555840.000000 -0.318062663 0.535450995 0.238572851 -0.032641314 -0.108145580 -0.039612215 0.992809117
