1403637130538319104.000000 0.000000000 0.000000000 0.000000000 0.000000000 0.000000000 0.000000000 1.000000000
1403637134138319104.000000 0.008770773 -0.238129705 -0.075806551 0.029392112 -0.055996861 0.006952183 0.997974038
1403637134188318976.000000 0.007582796 -0.268939495 -0.082178697 0.027043356 -0.061754674 0.011403218 0.997659743
1403637135338319104.000000 0.033552542 -0.087168738 -0.038628284 0.096432768 -0.064242706 -0.003657157 0.993257403
1403637135788318976.000000 0.019442886 -0.427043915 -0.105931006 0.008308225 -0.084293932 0.009567240 0.996360362
1403637136588318976.000000 0.033610236 -0.088079512 -0.021645905 0.106951639 -0.074345253 -0.012454361 0.991402566
1403637136688318976.000000 0.033698961 -0.097665377 -0.027398687 0.111395977 -0.073980592 -0.009316499 0.990974784
1403637136788318976.000000 0.030431658 -0.149335891 -0.041642059 0.107824191 -0.073755674 -0.008543815 0.991393507
1403637136838319104.000000 0.029113645 -0.187809616 -0.050863512 0.100266315 -0.072944239 -0.007097630 0.992257774
1403637136988318976.000000 0.024953276 -0.331199735 -0.082591400 0.065620795 -0.083731659 -0.000227332 0.994325340
1403637137088318976.000000 0.023124740 -0.418398619 -0.101637349 0.040330023 -0.093932711 -0.001498831 0.994760215
1403637137938319104.000000 0.035634376 -0.086598016 -0.025080379 0.102318056 -0.080699496 -0.003111706 0.991468072
1403637137988318976.000000 0.036374658 -0.079048626 -0.026263632 0.110991500 -0.080233850 -0.001359413 0.990576386
1403637138088318976.000000 0.038238283 -0.101357363 -0.034608342 0.122066922 -0.078305520 -0.003894306 0.989420414
1403637138138319104.000000 0.037669733 -0.128923759 -0.041167993 0.119573250 -0.075895295 -0.003957409 0.989912331
1403637138188318976.000000 0.039012130 -0.165631637 -0.048820715 0.112772219 -0.073664479 0.000830686 0.990886092
1403637138488318976.000000 0.033545025 -0.431373984 -0.102143764 0.019076992 -0.099585906 0.021904191 0.994604886
1403637138588318976.000000 0.032642391 -0.472613513 -0.112019889 0.000712009 -0.104274280 0.020309098 0.994340956
1403637138788318976.000000 0.035986118 -0.430990517 -0.095067814 0.002135741 -0.100677110 0.012565434 0.994837523
1403637149938319104.000000 0.059066705 -0.007917408 0.024140988 0.045067299 -0.037075825 -0.004554518 0.998285294
1403637150138319104.000000 0.087154508 -0.024873793 0.020009471 0.080430627 -0.047845319 0.017117241 0.995464087
1403637150438319104.000000 0.138388067 -0.115813032 0.051500544 0.056960501 -0.062758699 0.018763453 0.996225238
1403637150538319104.000000 0.155682683 -0.151588947 0.070015796 0.049388379 -0.066531681 0.017399801 0.996409357
1403637150688318976.000000 0.181779519 -0.201739177 0.100115269 0.046219740 -0.070534080 0.016253646 0.996305406
1403637150788318976.000000 0.198951036 -0.233075798 0.123037562 0.045582362 -0.072484210 0.017047154 0.996181548
1403637150888318976.000000 0.215104416 -0.262676060 0.146147326 0.040014654 -0.074201353 0.019081527 0.996257424
1403637150988318976.000000 0.230811626 -0.290603310 0.170893028 0.032111965 -0.074500985 0.019977055 0.996503532
1403637151738319104.000000 0.324836403 -0.497133553 0.272164196 0.040947840 -0.063680433 0.015614158 0.997007668
1403637151888318976.000000 0.345290065 -0.530415058 0.287244827 0.041394848 -0.063851193 0.018530205 0.996928334
1403637152038319104.000000 0.369035602 -0.555508852 0.309569776 0.041752215 -0.063253798 0.019018566 0.996942341
1403637152188318976.000000 0.390894979 -0.594243884 0.324215829 0.044181071 -0.061992142 0.016099049 0.996968329
1403637152288318976.000000 0.404563159 -0.617862165 0.333785355 0.045829013 -0.061764315 0.014722848 0.996929348
1403637152388318976.000000 0.420940727 -0.634629130 0.347970515 0.046842456 -0.061247271 0.014114665 0.996922910
1403637152538319104.000000 0.448064476 -0.646397412 0.374480665 0.047220841 -0.061052132 0.014556204 0.996910691
1403637152788318976.000000 0.497439176 -0.653767049 0.432831168 0.041487716 -0.060288556 0.012840913 0.997235775
1403637152938319104.000000 0.527978182 -0.672261655 0.460863233 0.034862991 -0.059734762 0.013619245 0.997512341
1403637153088318976.000000 0.561002851 -0.704383612 0.482691288 0.035265081 -0.060541712 0.015908010 0.997415662
1403637153338319104.000000 0.621163666 -0.726766527 0.524285674 0.039144900 -0.062454328 0.020718295 0.997064650
1403637153488318976.000000 0.655162513 -0.740913212 0.550958037 0.042959791 -0.063686416 0.023728253 0.996762514
1403637153638319104.000000 0.683871508 -0.761145055 0.574132264 0.046955619 -0.064161807 0.023191156 0.996564388
1403637153788318976.000000 0.714854836 -0.802802801 0.598160744 0.042133886 -0.063764021 0.022998998 0.996809900
1403637153988318976.000000 0.744868994 -0.842766583 0.633523166 0.037348989 -0.063942261 0.022619819 0.996997893
1403637154438319104.000000 0.838156760 -0.826920867 0.729639530 0.054655053 -0.057713106 -0.004726279 0.996824801
1403637154738319104.000000 0.939376831 -0.799844325 0.822032750 0.055055376 -0.073663726 0.021285741 0.995534778
1403637155038319104.000000 1.039404392 -0.811948895 0.940649033 0.064381622 -0.106054701 0.010673082 0.992216468
1403637155188318976.000000 1.084969044 -0.848582387 1.001827717 0.052204762 -0.125147298 0.000755473 0.990763485
1403637155338319104.000000 1.135129571 -0.903430283 1.064143419 0.040851548 -0.135983005 -0.001399062 0.989867568
1403637155438319104.000000 1.159380198 -0.931429446 1.119087934 0.034171186 -0.147283375 -0.006153175 0.988484740
1403637155538319104.000000 1.189821362 -0.954861581 1.163251281 0.029044161 -0.161227569 -0.013482403 0.986397684
1403637155738319104.000000 1.248975396 -0.980403244 1.257684827 0.026901094 -0.181518599 -0.033905394 0.982434630
1403637155888318976.000000 1.299884558 -0.988892496 1.322611332 0.028891623 -0.205543652 -0.048256129 0.977030396
1403637156238319104.000000 1.452601790 -0.968389869 1.456225991 0.018976070 -0.284499586 -0.082206078 0.954956591
1403637156588318976.000000 1.680265069 -0.945132673 1.518819690 0.011940636 -0.372831374 -0.113204964 0.920890212
1403637156938319104.000000 1.922349811 -0.856996775 1.540552497 0.024994705 -0.442813039 -0.116946615 0.888603032
1403637157988318976.000000 2.830170870 -0.726772130 1.430179119 0.012937902 -0.433830827 -0.124307394 0.892284214
1403637158688318976.000000 3.548496723 -0.726810575 1.113988876 -0.002268829 -0.492876321 -0.143803716 0.858130693
1403637159388318976.000000 4.253847599 -0.600744605 0.644899845 0.007269244 -0.537540972 -0.166568026 0.826590598
1403637159538319104.000000 4.407087326 -0.556371510 0.530163288 0.011195703 -0.535602331 -0.161330983 0.828840852
1403637159688318976.000000 4.562798977 -0.505920053 0.414945275 0.021045731 -0.535775006 -0.151820302 0.830332994
1403637159738319104.000000 4.620483875 -0.491684824 0.372085512 0.023328144 -0.535747766 -0.148572028 0.830876887
1403637159838319104.000000 4.723617077 -0.462977707 0.294743419 0.023253471 -0.537328541 -0.144562989 0.830565393
1403637159988318976.000000 4.888102055 -0.434106648 0.169257179 0.025170328 -0.550670147 -0.148695782 0.820986211
1403637160138319104.000000 5.056803226 -0.409177005 0.047410302 0.012705376 -0.574657679 -0.157533184 0.802988410
1403637160188318976.000000 5.114564419 -0.399370313 0.009205267 0.009663384 -0.584558845 -0.160445988 0.795270205
1403637160288318976.000000 5.223580837 -0.372362912 -0.072011568 0.006643488 -0.605922103 -0.166184008 0.777944207
1403637160388318976.000000 5.330747604 -0.325573921 -0.150940895 0.003730618 -0.629282475 -0.173076183 0.757650495
1403637160438319104.000000 5.390001774 -0.303797543 -0.197653636 0.004641134 -0.641336739 -0.175890654 0.746811986
1403637160538319104.000000 5.493589878 -0.263381213 -0.275017381 0.009897604 -0.666757703 -0.182023421 0.722636640
1403637160588318976.000000 5.550984859 -0.242907420 -0.310883105 0.011114444 -0.679187417 -0.185334459 0.710093021
1403637160788318976.000000 5.758296490 -0.161810264 -0.459720552 0.022643821 -0.713157237 -0.199361548 0.671676219
1403637160938319104.000000 5.912888527 -0.115377694 -0.564807177 0.025083082 -0.723434687 -0.207605109 0.657961428
1403637161088318976.000000 6.066665173 -0.098648153 -0.680351019 0.018920394 -0.723890185 -0.219921917 0.653650820
1403637161238319104.000000 6.228559971 -0.105146259 -0.797734380 -0.006823761 -0.720996201 -0.231277332 0.653168261
1403637161338319104.000000 6.342065334 -0.126757741 -0.880175650 -0.020157715 -0.718255401 -0.237144753 0.653808236
1403637161438319104.000000 6.452301502 -0.143955469 -0.965649247 -0.016179876 -0.720736563 -0.232914403 0.652708113
1403637161688318976.000000 6.715270996 -0.181484640 -1.232812405 -0.009406943 -0.739154994 -0.228318214 0.633586764
1403637161838319104.000000 6.869776726 -0.190559462 -1.407899380 -0.017758735 -0.754798293 -0.207848981 0.621902645
1403637162088318976.000000 7.089502335 -0.173604771 -1.691742063 -0.037637301 -0.773921847 -0.175115108 0.607423306
1403637162388318976.000000 7.260934353 -0.098494023 -1.985848308 -0.049812779 -0.766573310 -0.201991141 0.607522547
1403637162688318976.000000 7.343641281 0.000365344 -2.287703037 -0.033166241 -0.764634669 -0.208794698 0.608800948
1403637162838319104.000000 7.362967491 0.029034577 -2.469605684 -0.052974418 -0.777316630 -0.196356907 0.595328927
1403637163088318976.000000 7.345292091 0.138415873 -2.761594296 -0.044525981 -0.818353832 -0.194068626 0.539121330
1403637163338319104.000000 7.255352497 0.268315464 -3.042290211 0.038880568 0.864373684 0.201213092 -0.459194630
1403637163538319104.000000 7.144495487 0.372362018 -3.221884489 0.048944283 0.884283304 0.227040678 -0.405092627
1403637163788318976.000000 6.957038879 0.471659422 -3.440967083 0.054522317 0.884812891 0.272643089 -0.373897374
1403637164138319104.000000 6.614963055 0.533331215 -3.815505505 0.069732100 0.886160672 0.273935914 -0.367172658
1403637164388318976.000000 6.302925110 0.563723028 -4.129154205 0.048120208 0.888635814 0.260121822 -0.374629766
1403637164688318976.000000 5.894304276 0.630422890 -4.517084599 0.052829638 0.878935277 0.272362262 -0.387944043
1403637164838319104.000000 5.680591583 0.700468242 -4.722100735 0.037292939 0.884839773 0.256392747 -0.387208730
1403637164938319104.000000 5.532154083 0.741032898 -4.855468273 0.029137306 0.890583813 0.249993965 -0.378833026
1403637165038319104.000000 5.385783195 0.795723975 -4.992768288 0.026169170 0.896322906 0.248041347 -0.366600484
1403637165188318976.000000 5.164676189 0.874237478 -5.187205315 0.027517058 0.908991933 0.242081717 -0.338190645
1403637165338319104.000000 4.939086914 0.948774099 -5.370229721 0.023825826 0.918873250 0.251818240 -0.302806646
1403637165488318976.000000 4.705568314 1.008193016 -5.549538612 0.018818652 0.922079861 0.270310670 -0.276309192
1403637165638319104.000000 4.484068871 1.043138742 -5.727969170 0.005590291 0.925959706 0.276051998 -0.257609546
1403637165788318976.000000 4.268990993 1.080537200 -5.896521568 -0.016163999 0.930068612 0.272327721 -0.246066511
1403637165938319104.000000 4.070237160 1.124775648 -6.057046890 -0.035927355 0.931334794 0.266907543 -0.245122612
1403637166088318976.000000 3.907463551 1.182210922 -6.197694302 -0.051882308 0.928829491 0.261319816 -0.257480085
1403637166338319104.000000 3.687654257 1.323520184 -6.389946938 -0.044528443 0.928871810 0.239786893 -0.278777033
1403637166838319104.000000 3.404808760 1.478968859 -6.550862789 -0.057000235 0.915908635 0.243637010 -0.313852459
1403637167488318976.000000 3.461456299 1.454020500 -6.277055264 -0.078507572 0.918526232 0.216814503 -0.321150482
1403637167588318976.000000 3.527487993 1.423528194 -6.176234245 -0.045180608 0.913838029 0.240253016 -0.324248821
1403637167788318976.000000 3.675979853 1.374987364 -5.941184521 -0.008922888 0.904395640 0.263372988 -0.335594326
1403637167988318976.000000 3.833450556 1.343585491 -5.707677364 -0.020063344 0.893301189 0.272281677 -0.357033789
1403637168288318976.000000 4.101554871 1.292301059 -5.381458282 -0.017681105 0.887854159 0.265057355 -0.375695348
1403637168688318976.000000 4.488490105 1.352126360 -4.933072090 -0.005345723 0.891704798 0.244091764 -0.381120950
1403637169088318976.000000 4.874417305 1.356838942 -4.479658604 -0.029571610 0.892317057 0.246135041 -0.377244353
1403637169588318976.000000 5.415025234 1.228245854 -3.864285946 -0.028488442 0.856523752 0.205813691 -0.472436398
1403637169888318976.000000 5.728610516 1.095998645 -3.430836439 0.033072218 -0.808868945 -0.173290521 0.560898900
1403637170188318976.000000 6.030463696 1.000215292 -2.909353733 0.038064502 -0.764055610 -0.145102382 0.627467453
1403637170288318976.000000 6.118920803 0.979235947 -2.711829901 0.039378542 -0.748626828 -0.134025887 0.648108244
1403637170388318976.000000 6.203870773 0.941302896 -2.502515316 0.030058431 -0.729588807 -0.129695356 0.670802295
1403637170488318976.000000 6.281587601 0.927798986 -2.304313660 0.006699102 -0.705715597 -0.127180353 0.696954608
1403637170588318976.000000 6.352644920 0.910401464 -2.072465420 -0.016175698 -0.683073938 -0.118591793 0.720475078
1403637170638319104.000000 6.388682842 0.918413520 -1.982671618 -0.026442120 -0.669343650 -0.113469690 0.733760536
1403637170688318976.000000 6.412931442 0.896246970 -1.866764307 -0.033818968 -0.657601535 -0.107999139 0.744817257
1403637170938319104.000000 6.471022129 0.860864937 -1.326788068 -0.033826809 -0.588135421 -0.095446631 0.802397907
1403637170988318976.000000 6.480203152 0.848317504 -1.237880826 -0.029091416 -0.571851134 -0.094843522 0.814336956
1403637171038319104.000000 6.475453377 0.833720922 -1.138098478 -0.026927080 -0.556818962 -0.094078779 0.824849546
1403637171138319104.000000 6.461669922 0.808619857 -0.958939433 -0.021197518 -0.526675999 -0.093627885 0.844628215
1403637171288318976.000000 6.424165726 0.749693215 -0.713481486 -0.022276187 -0.495781302 -0.088649310 0.863623738
1403637171688318976.000000 6.210428715 0.576294184 -0.127493635 -0.010195785 -0.482939303 -0.055139463 0.873856604
1403637172438319104.000000 5.319336891 0.410227090 0.822194993 -0.012485016 -0.489163011 -0.119585939 0.863865077
1403637172788318976.000000 4.797430992 0.293298960 1.104756474 -0.011840660 -0.488635480 -0.156255692 0.858300269
1403637172988318976.000000 4.521795750 0.231753394 1.200228572 0.025834322 -0.500036776 -0.191027626 0.844277382
1403637173188318976.000000 4.300832272 0.228389546 1.285028696 0.044640359 -0.518539965 -0.218325734 0.825504363
1403637173538319104.000000 4.080982685 0.286514997 1.374912858 0.012613893 -0.592124820 -0.228696033 0.772610664
1403637173938319104.000000 4.009159088 0.431359798 1.334311247 0.008313972 -0.642918169 -0.288411111 0.709511161
1403637174488318976.000000 4.186156273 0.475380152 0.942621708 -0.039582908 -0.689771831 -0.208626643 0.692187071
1403637174638319104.000000 4.226520538 0.458202779 0.791776359 -0.045367535 -0.699122369 -0.213166147 0.680977106
1403637174888318976.000000 4.272006989 0.470185280 0.506765246 -0.033864193 -0.746071100 -0.206341237 0.632182240
1403637175088318976.000000 4.282293797 0.505817056 0.264432520 -0.030114964 -0.774647534 -0.224625364 0.590387762
1403637175388318976.000000 4.258717060 0.585193157 -0.103959210 -0.063272335 -0.803839803 -0.201720417 0.556009948
1403637175638319104.000000 4.163959503 0.689343572 -0.414653867 -0.061426491 -0.797859311 -0.231028810 0.553419352
1403637175838319104.000000 4.042789936 0.769557953 -0.684735179 -0.049362484 -0.794014990 -0.240053877 0.556307137
1403637175988318976.000000 3.940959454 0.812125325 -0.910413563 -0.036288120 -0.798684299 -0.222643018 0.557867944
1403637176088318976.000000 3.859059811 0.829422116 -1.065925479 -0.042627200 -0.800053418 -0.211500540 0.559790134
1403637176138319104.000000 3.819388390 0.840481997 -1.140425324 -0.043103337 -0.801142752 -0.204984114 0.560619175
1403637176288318976.000000 3.680197954 0.873308122 -1.367902994 -0.045617927 -0.803477585 -0.194227323 0.560908735
1403637176738319104.000000 3.170423031 1.034513950 -2.010432482 -0.028909089 -0.817464352 -0.223977774 0.529858649
1403637177138319104.000000 2.666127205 1.260617137 -2.556397915 0.003748532 -0.814032972 -0.274338603 0.511932135
1403637177288318976.000000 2.503401756 1.353249311 -2.760230780 0.016015606 -0.808762491 -0.294188648 0.509018421
1403637177388318976.000000 2.405736208 1.429457784 -2.901503801 0.021715816 -0.807401597 -0.298751086 0.508309841
1403637177488318976.000000 2.317736626 1.505780697 -3.055925369 0.035314977 -0.809022963 -0.295346230 0.506956935
1403637177738319104.000000 2.175377846 1.680334568 -3.446300507 -0.063671701 0.823419094 0.264177948 -0.498133421
1403637178088318976.000000 2.140731335 1.884535193 -3.967037201 -0.068893299 0.854486167 0.251356065 -0.449363142
1403637178388318976.000000 2.233403206 2.024004221 -4.351477146 -0.093622811 0.881473660 0.225663438 -0.404122502
1403637178438319104.000000 2.263819933 2.035380125 -4.402665138 -0.096260235 0.884288371 0.220660523 -0.400096208
1403637178538319104.000000 2.335714817 2.047689438 -4.496492863 -0.096322849 0.886789501 0.219999194 -0.394875437
1403637178738319104.000000 2.525272369 2.065975428 -4.632449150 -0.062651426 0.889583170 0.221833915 -0.394342870
1403637178888318976.000000 2.688251734 2.075215101 -4.702815533 -0.028358836 0.890780628 0.219150543 -0.397087783
1403637179038319104.000000 2.851631880 2.096183538 -4.746003151 -0.005444906 0.890381634 0.217228681 -0.400003284
1403637179188318976.000000 3.012631893 2.123309851 -4.769770622 -0.005550844 0.887036622 0.226438180 -0.402319461
1403637179638319104.000000 3.477414131 2.069226980 -4.771464825 -0.017584933 0.883724809 0.232016191 -0.406066090
1403637180038319104.000000 3.910206556 2.167739153 -4.630446434 -0.042529255 0.891918242 0.208634675 -0.398929387
1403637180438319104.000000 4.378615379 2.228142023 -4.344145775 -0.010883606 0.878167689 0.251650542 -0.406663328
1403637180988318976.000000 5.045487881 2.110014200 -3.938688993 -0.045638602 0.890424132 0.224150375 -0.393469989
1403637181438319104.000000 5.644356728 1.796848297 -3.536356211 -0.008502031 0.895637214 0.223151773 -0.384662151
1403637182638319104.000000 7.027356148 0.749907792 -2.100348473 0.030585390 0.900005400 0.202259704 -0.384897113
1403637182988318976.000000 7.201455116 0.457933664 -1.585686207 0.053471610 0.896466494 0.212306976 -0.385245830
1403637183088318976.000000 7.230248928 0.395756423 -1.426104188 0.064631410 0.895160198 0.215946808 -0.384549022
1403637183188318976.000000 7.247016430 0.356666774 -1.264877677 0.072917797 0.893603206 0.219593540 -0.384623230
1403637183388318976.000000 7.231580734 0.298358738 -0.942574143 0.081655450 0.890626252 0.227923498 -0.384926170
1403637183938319104.000000 6.865848541 0.238968104 -0.104889147 0.104343131 0.879430771 0.259857565 -0.384952098
1403637184438319104.000000 6.101413250 0.194468781 0.389796823 0.047890160 0.884259164 0.266979903 -0.380149990
1403637184488318976.000000 6.011853695 0.202933863 0.429672092 0.039753594 0.883500516 0.270389467 -0.380441934
1403637184538319104.000000 5.924564838 0.214899033 0.467141807 0.033221006 0.882484376 0.274333745 -0.380603075
1403637184588318976.000000 5.836740971 0.227214232 0.503909647 0.026880685 0.880841613 0.279824257 -0.380911946
1403637184688318976.000000 5.661660194 0.251187831 0.576479077 0.018674970 0.877685428 0.289430171 -0.381509781
1403637184888318976.000000 5.324317932 0.289635777 0.688855410 0.010275085 0.872778416 0.303337365 -0.382280856
1403637185538319104.000000 4.412588596 0.263860226 0.713104486 -0.022025736 0.868245602 0.318483889 -0.379779488
1403637186588318976.000000 3.609184027 0.048413880 0.161963165 0.013992588 0.890443802 0.255508542 -0.376336783
1403637186988318976.000000 3.350760221 -0.042697754 -0.044108778 0.047842134 0.880038619 0.286777169 -0.375502378
1403637187238319104.000000 3.170365095 -0.027655425 -0.196326166 0.047083769 0.884110808 0.280135721 -0.371019185
1403637187488318976.000000 2.970882416 0.043272924 -0.373426735 0.009684513 0.886540532 0.294747025 -0.356477559
1403637188288318976.000000 2.504869223 0.381658226 -1.156621337 -0.015017395 0.897401750 0.275452077 -0.344341069
1403637189038319104.000000 2.294653416 0.837619662 -1.942682028 0.036344726 0.917299390 0.281863868 -0.278915077
1403637189288318976.000000 2.200531960 0.989492178 -2.193196058 0.021767525 0.914372265 0.305006087 -0.265369296
1403637190088318976.000000 1.840533972 1.406139731 -3.098441601 0.015378695 0.925986111 0.264226437 -0.269253761
1403637190888318976.000000 1.440615654 1.449818969 -3.897406340 0.013825780 0.921353519 0.256155312 -0.292063296
1403637191488318976.000000 1.126878619 1.606645584 -4.284493923 0.015075793 0.916437447 0.246395975 -0.314966857
1403637191688318976.000000 1.016685724 1.641072750 -4.380477905 0.000254978 0.915786147 0.254382670 -0.310845852
1403637191988318976.000000 0.866534889 1.631902218 -4.514784336 -0.029840037 0.915669024 0.260684222 -0.304472566
1403637192088318976.000000 0.829557300 1.616089702 -4.556766033 -0.031573988 0.913673341 0.269294709 -0.302794427
1403637192188318976.000000 0.801912010 1.587818503 -4.593830585 -0.034007840 0.911464751 0.277774006 -0.301524639
1403637192338319104.000000 0.778131366 1.533694506 -4.654379845 -0.046721499 0.912001729 0.276084930 -0.299744934
1403637192438319104.000000 0.775775433 1.496358991 -4.692348957 -0.045412034 0.912689984 0.274606377 -0.299209088
1403637192588318976.000000 0.794783890 1.451486826 -4.740282059 -0.026417769 0.908363044 0.290630311 -0.299520671
1403637192738319104.000000 0.830064833 1.423643112 -4.791358948 -0.017011654 0.905530691 0.299365848 -0.300174683
1403637192838319104.000000 0.863386750 1.408663511 -4.823439121 -0.015747787 0.906398892 0.296344846 -0.300620586
1403637192888318976.000000 0.881613731 1.401839375 -4.843793869 -0.015122090 0.907613754 0.292257577 -0.300988555
1403637192988318976.000000 0.923617601 1.380700588 -4.888127804 -0.012500234 0.909379959 0.285540998 -0.302222043
1403637193088318976.000000 0.969826639 1.352617741 -4.933815956 -0.004030894 0.908465028 0.287650079 -0.303203642
1403637193238319104.000000 1.042018771 1.306371331 -5.010641098 0.022539947 0.900510728 0.309333473 -0.304770738
1403637193388318976.000000 1.114858389 1.284917951 -5.097850800 0.014525089 0.903143287 0.303130627 -0.303698897
1403637193538319104.000000 1.189166546 1.284196258 -5.192845821 -0.003096103 0.909147561 0.285963476 -0.302763999
1403637193588318976.000000 1.213532209 1.282644987 -5.225744247 -0.008028831 0.909822285 0.283537865 -0.302927792
1403637193688318976.000000 1.267087698 1.276868343 -5.296988010 -0.013891546 0.910480022 0.280852586 -0.303240806
1403637193738319104.000000 1.297712088 1.267398953 -5.332527637 -0.016734948 0.910776079 0.279781848 -0.303197891
1403637193788318976.000000 1.326700330 1.261072516 -5.367438793 -0.018225331 0.910938919 0.279086918 -0.303263307
1403637193838319104.000000 1.355939984 1.251788855 -5.404205799 -0.019994615 0.910846114 0.278864592 -0.303634912
1403637193938319104.000000 1.425651670 1.228942871 -5.474121571 -0.018636394 0.911479056 0.277076006 -0.303459257
1403637194038319104.000000 1.494554877 1.219991803 -5.545136452 -0.014867645 0.913889289 0.269169927 -0.303533971
1403637194138319104.000000 1.568668723 1.225792527 -5.604472637 -0.012664331 0.915420592 0.264661789 -0.302983373
1403637194238319104.000000 1.648037910 1.237738729 -5.659867764 -0.010923449 0.914763510 0.267392248 -0.302638054
1403637194288318976.000000 1.686719656 1.246417165 -5.687201977 -0.010529869 0.914568722 0.268179417 -0.302544087
1403637194388318976.000000 1.769794106 1.252592564 -5.742300034 -0.011773566 0.913479388 0.272164702 -0.302230358
1403637194488318976.000000 1.852819681 1.254755735 -5.798839092 -0.011577374 0.912955582 0.274000466 -0.302161843
1403637194588318976.000000 1.940505981 1.247395515 -5.855181694 -0.011363734 0.912487030 0.275824755 -0.301925510
1403637194688318976.000000 2.031443357 1.234748125 -5.908462048 -0.013692391 0.911683261 0.279445350 -0.300926000
1403637194788318976.000000 2.126645565 1.214787960 -5.963965893 -0.014987534 0.910094261 0.285855263 -0.299650848
1403637194888318976.000000 2.218949080 1.204450607 -6.022534847 -0.014796624 0.909184992 0.289310992 -0.299103409
1403637194988318976.000000 2.324488401 1.196474314 -6.077890396 -0.009572667 0.911301970 0.283576727 -0.298364341
1403637195088318976.000000 2.431813478 1.196653128 -6.137367725 -0.006480230 0.914593577 0.273465812 -0.297813773
1403637195138319104.000000 2.482677937 1.197340608 -6.163997650 -0.004772800 0.916159987 0.268669873 -0.297396272
1403637195188318976.000000 2.537372112 1.198329329 -6.188422203 -0.003460517 0.917537570 0.264307529 -0.297076315
1403637195288318976.000000 2.639648438 1.211296439 -6.240379333 -0.001454923 0.919311941 0.257938862 -0.297205329
1403637195388318976.000000 2.746346474 1.225196004 -6.286100388 -0.000566179 0.920145154 0.254598886 -0.297509700
1403637195438319104.000000 2.798873186 1.229637742 -6.308812141 0.000959428 0.919771135 0.253787309 -0.299352884
1403637195538319104.000000 2.903494120 1.233768463 -6.347401619 0.001730088 0.916682899 0.255804956 -0.307007015
1403637195638319104.000000 3.007533312 1.231227875 -6.385451317 0.001327383 0.914346814 0.254554808 -0.314912647
1403637195738319104.000000 3.111331940 1.220114470 -6.420706272 0.000823335 0.913143337 0.251651108 -0.320687234
1403637195788318976.000000 3.160593748 1.213193893 -6.437155724 -0.001242800 0.912291586 0.251616746 -0.323127776
1403637195838319104.000000 3.214406490 1.204442859 -6.453104973 -0.006212497 0.912794054 0.247822285 -0.324580520
1403637195888318976.000000 3.264225960 1.196431398 -6.467085838 -0.012116640 0.912935376 0.245633990 -0.325677961
1403637195988318976.000000 3.361416578 1.181878328 -6.493114948 -0.025478603 0.913738430 0.239630654 -0.327123970
1403637196138319104.000000 3.519963264 1.163756967 -6.518598557 -0.043079089 0.918084264 0.219942048 -0.326941878
1403637196188318976.000000 3.574644327 1.161860943 -6.519721508 -0.046997521 0.920368910 0.209853798 -0.326609403
1403637196288318976.000000 3.683697939 1.156153798 -6.514448166 -0.050022960 0.924222112 0.192640081 -0.325884908
1403637196488318976.000000 3.922067881 1.128042340 -6.444428921 -0.052186664 0.928202152 0.177883863 -0.322606027
1403637196688318976.000000 4.177911758 1.104979992 -6.295475006 -0.041116975 0.927828848 0.185910076 -0.320749849
1403637196738319104.000000 4.243000984 1.097200871 -6.247592926 -0.036611095 0.927619874 0.188284308 -0.320515245
1403637196888318976.000000 4.433390617 1.081670284 -6.082647324 -0.033014905 0.927937448 0.190187424 -0.318858713
1403637197138319104.000000 4.758846283 1.043534160 -5.730606556 -0.005981072 0.921225607 0.203662351 -0.331405044
1403637197388318976.000000 5.042797565 0.953388929 -5.322597504 0.003429226 0.894151866 0.220190123 -0.389867902
1403637197588318976.000000 5.252996922 0.836330116 -4.986033440 -0.010905349 0.858023882 0.219663799 -0.464137793
1403637197688318976.000000 5.354198456 0.766614377 -4.801529884 0.016473508 -0.837049603 -0.211588770 0.504288316
1403637197788318976.000000 5.444867134 0.694340348 -4.635246754 0.022313511 -0.815789342 -0.198159754 0.542883575
1403637197838319104.000000 5.493406296 0.651005745 -4.542720795 0.026355911 -0.806380153 -0.188044697 0.560085356
1403637197888318976.000000 5.533272266 0.610347986 -4.460700512 0.030124230 -0.795731068 -0.180480480 0.577348530
1403637199238319104.000000 6.211653233 -0.560976744 -1.419605494 -0.009785775 -0.655830026 -0.110768557 0.746673644
1403637199338319104.000000 6.188444138 -0.625083148 -1.156078458 -0.009823097 -0.640772104 -0.106041871 0.760308981
1403637199388318976.000000 6.170275211 -0.665087044 -1.023999214 -0.008584680 -0.632383406 -0.101703137 0.767902315
1403637199438319104.000000 6.152820587 -0.698771477 -0.899234354 -0.009194779 -0.622242689 -0.097371250 0.776690602
1403637199488318976.000000 6.128808975 -0.739056110 -0.754446089 -0.008631084 -0.612884045 -0.092602894 0.784680426
1403637199538319104.000000 6.103547573 -0.775045991 -0.629595399 -0.008596337 -0.601669550 -0.089161143 0.793706536
1403637199638319104.000000 6.041289806 -0.844691694 -0.376110762 -0.013622426 -0.578734577 -0.083872393 0.811077118
1403637199838319104.000000 5.902121544 -0.948221207 0.144294962 -0.037282903 -0.521052182 -0.084206194 0.848542213
1403637200088318976.000000 5.667054653 -0.965518355 0.744914830 -0.089415677 -0.425971568 -0.081127226 0.896644533
1403637200238319104.000000 5.487090588 -0.946413755 1.051074266 -0.087826006 -0.373659581 -0.062272355 0.921296477
1403637200388318976.000000 5.299206257 -0.899533093 1.321968555 -0.042679396 -0.343760192 -0.038419563 0.937300026
1403637200588318976.000000 5.027090549 -0.845467091 1.614258170 -0.002696716 -0.318181634 -0.047571093 0.946831644
1403637200738319104.000000 4.823222637 -0.828591287 1.798427463 0.001610520 -0.311115801 -0.060489174 0.948443711
1403637200838319104.000000 4.677928448 -0.825601399 1.907201886 -0.004422013 -0.313726038 -0.071579993 0.946801305
1403637200938319104.000000 4.538064957 -0.827060759 2.002739668 -0.007320090 -0.321737230 -0.076616339 0.943695664
1403637201038319104.000000 4.407979965 -0.833264112 2.086537361 -0.007214848 -0.331100911 -0.078552589 0.940292299
1403637201188318976.000000 4.214622498 -0.851462901 2.190209150 -0.004962557 -0.343941897 -0.082393698 0.935355902
1403637201338319104.000000 4.017737389 -0.872636318 2.270235777 -0.008345708 -0.350813866 -0.106418803 0.930341363
1403637201438319104.000000 3.897295952 -0.881333530 2.313043594 -0.008603344 -0.356800348 -0.132077500 0.924756765
1403637201638319104.000000 3.682698965 -0.880478978 2.367547274 -0.008963771 -0.371373236 -0.172658429 0.912244856
1403637202288318976.000000 3.335077286 -0.804560959 2.166391611 0.029402478 -0.390303969 -0.156301454 0.906845152
1403637203638319104.000000 3.594199896 -0.647963822 1.351705909 0.032007825 -0.414860278 -0.075101003 0.906215370
1403637205638319104.000000 3.522682905 -0.468096346 0.905859828 0.031326946 -0.403314650 -0.075275570 0.911421657
1403637209538319104.000000 2.684050798 -0.450714678 0.574454367 0.060333073 -0.365191072 -0.075576529 0.925896108
1403637210288318976.000000 2.659344912 -0.538070202 0.831475079 0.137147993 -0.343185544 -0.101204664 0.923672974
1403637211238319104.000000 3.412667513 -0.612649262 2.173389435 0.042105287 -0.344451964 -0.097916350 0.932733834
1403637211388318976.000000 3.590999842 -0.611406982 2.412406206 0.029226486 -0.352670372 -0.084320433 0.931482434
1403637211538319104.000000 3.770932436 -0.603607357 2.642240286 0.027725203 -0.354623497 -0.083980151 0.930817306
1403637211688318976.000000 3.941741705 -0.597606361 2.868378639 0.033687927 -0.353527635 -0.090181172 0.930457234
1403637211788318976.000000 4.055094719 -0.602816403 3.010318518 0.042088978 -0.349828362 -0.101452380 0.930352628
1403637211888318976.000000 4.175361156 -0.619717360 3.146458149 0.047862895 -0.346735835 -0.111511864 0.930079818
1403637211988318976.000000 4.293386459 -0.640298247 3.278514385 0.048917893 -0.348653525 -0.107620418 0.929766417
1403637212438319104.000000 4.883864880 -0.819779515 3.832644939 0.014194303 -0.361808360 -0.076591589 0.928992450
1403637212638319104.000000 5.123038292 -0.924253166 4.039662361 0.030640498 -0.363360465 -0.082637571 0.927470386
1403637212888318976.000000 5.400546551 -1.060715675 4.289089680 0.044819210 -0.366075099 -0.079897687 0.926065147
1403637213138319104.000000 5.693639278 -1.208933234 4.540669918 0.047103826 -0.362618893 -0.078212693 0.927454352
1403637213638319104.000000 6.267190456 -1.426221371 5.079276085 0.039594077 -0.364214748 -0.062502421 0.928371370
1403637214188318976.000000 6.806199551 -1.559287548 5.742078304 0.030849235 -0.348840833 -0.048586342 0.935413122
1403637214588318976.000000 7.057851791 -1.744364023 6.203491688 0.016264293 -0.276142091 0.008641877 0.960940361
1403637214988318976.000000 7.084705830 -1.989611149 6.613208294 0.010192781 -0.237618312 0.051746238 0.969925761
1403637215388318976.000000 6.869668007 -2.145711184 6.997988224 -0.012119660 -0.221003875 0.037666436 0.974469960
1403637215938319104.000000 6.232742310 -2.275893211 7.269829273 0.004610836 -0.088055514 0.040182803 0.995294094
1403637216188318976.000000 5.879630566 -2.349935293 7.273977280 0.015651491 -0.034134198 0.036784470 0.998617411
1403637216438319104.000000 5.548193455 -2.378947735 7.252728939 0.003551096 -0.010921379 0.032488130 0.999406159
1403637216838319104.000000 5.055038452 -2.357281685 7.138323307 -0.029482873 -0.010950634 0.023152037 0.999237120
1403637216988318976.000000 4.889795780 -2.339860201 7.041888237 -0.034224607 -0.017365657 0.026566986 0.998910069
1403637217138319104.000000 4.729702950 -2.325373650 6.913574219 -0.018534852 -0.016807806 0.009798752 0.999638915
1403637217338319104.000000 4.543731689 -2.282529116 6.711821556 -0.009915673 -0.015489067 -0.014842127 0.999720693
1403637217438319104.000000 4.464914799 -2.247334003 6.602050304 -0.008316090 -0.016710706 -0.021792350 0.999588251
1403637217588318976.000000 4.368758678 -2.178925991 6.421957970 -0.011611316 -0.014396696 -0.018110728 0.999664903
1403637217788318976.000000 4.274349213 -2.070363522 6.155578136 -0.026143316 0.004033079 0.032261755 0.999129355
1403637218088318976.000000 4.134697914 -1.928793669 5.660069466 -0.011045309 0.063848965 0.066261686 0.995696068
1403637218238319104.000000 4.067814827 -1.855413795 5.378562927 -0.003654993 0.080018550 0.070605978 0.994282901
1403637218488318976.000000 3.961987972 -1.696369290 4.898244381 -0.003980223 0.088867880 0.073799759 0.993297637
1403637218688318976.000000 3.877179384 -1.566658497 4.494629383 0.001350296 0.085954957 0.076146424 0.993383944
1403637218888318976.000000 3.789793253 -1.434432983 4.070884705 0.011168792 0.079308748 0.081753634 0.993429244
1403637219038319104.000000 3.728229046 -1.298081040 3.751787663 0.011732765 0.073277071 0.093530349 0.992846847
1403637219088318976.000000 3.704185009 -1.253098011 3.648476362 0.012110744 0.072264574 0.095104210 0.992767036
1403637219188318976.000000 3.650965214 -1.148894310 3.436615705 0.011886864 0.071622781 0.095721595 0.992756903
1403637219238319104.000000 3.623622179 -1.101915598 3.328387499 0.012281979 0.071583152 0.094178185 0.992902577
1403637219288318976.000000 3.593813896 -1.058211684 3.217047930 0.013953379 0.071640216 0.093047962 0.992982924
1403637219338319104.000000 3.562015772 -1.015668988 3.107938766 0.014353308 0.071693927 0.090526775 0.993206382
1403637219388318976.000000 3.527693510 -0.972672224 3.001092911 0.017102020 0.071137540 0.090233378 0.993229508
1403637219438319104.000000 3.495023727 -0.931284845 2.890523195 0.018749045 0.071447551 0.088299170 0.993351400
1403637219538319104.000000 3.421685696 -0.858334959 2.667015076 0.034790955 0.071016088 0.085068315 0.993231952
1403637219638319104.000000 3.348741055 -0.785369217 2.440243006 0.049696889 0.070556797 0.081420876 0.992936373
1403637219738319104.000000 3.268276691 -0.722548485 2.224777937 0.057859804 0.069547564 0.079814710 0.992695808
1403637219838319104.000000 3.182914734 -0.667835832 2.008998632 0.063323520 0.068391442 0.079985291 0.992428899
1403637219888318976.000000 3.141347647 -0.646590352 1.903040767 0.066519178 0.068538494 0.079054311 0.992284298
1403637219988318976.000000 3.053826332 -0.611331940 1.699768662 0.066845283 0.068500340 0.078610353 0.992300272
1403637220088318976.000000 2.967908621 -0.578277230 1.501972795 0.068514742 0.069135539 0.077031299 0.992266178
1403637220138319104.000000 2.915948153 -0.568081915 1.409548402 0.068443023 0.067813098 0.079504564 0.992167294
1403637220188318976.000000 2.873021364 -0.557867527 1.314224243 0.069149084 0.069038324 0.077040292 0.992228270
1403637220238319104.000000 2.824952841 -0.549627006 1.222360969 0.068577714 0.069527462 0.074629880 0.992417932
1403637220338319104.000000 2.723450422 -0.548956573 1.044745803 0.065702431 0.071483612 0.065602832 0.993111074
1403637220488318976.000000 2.584830046 -0.545989752 0.786840379 0.058901168 0.074845456 0.051058132 0.994143784
1403637220938319104.000000 2.217286587 -0.498218805 0.108828232 0.058513205 0.073135227 0.047202975 0.994484425
1403637221138319104.000000 2.080826283 -0.446807742 -0.149434313 0.066733614 0.059362531 0.045316387 0.994971931
1403637221288318976.000000 1.984357357 -0.404493570 -0.318157494 0.070491791 0.035650745 0.042866725 0.995953023
1403637221438319104.000000 1.907363653 -0.348778367 -0.469172597 0.068994574 0.016980262 0.035755903 0.996831477
1403637221588318976.000000 1.829098821 -0.289648354 -0.605454922 0.070903338 0.004951728 0.029197279 0.997043490
1403637221688318976.000000 1.782378078 -0.248972863 -0.679513812 0.072479554 -0.001231670 0.027294315 0.996995628
1403637221988318976.000000 1.662225246 -0.110628769 -0.869147778 0.074944079 -0.025070867 0.015276906 0.996755481
1403637222038319104.000000 1.649157763 -0.088819019 -0.893899739 0.074678063 -0.034260742 0.012338183 0.996542573
1403637222138319104.000000 1.621319652 -0.037045367 -0.936894417 0.074955322 -0.056489963 0.005295233 0.995571434
1403637222238319104.000000 1.602692246 0.012747018 -0.976859808 0.071228534 -0.079687677 -0.001777382 0.994270205
1403637222338319104.000000 1.581928968 0.061094068 -1.002170444 0.061585497 -0.098509848 -0.004764793 0.993217170
1403637222488318976.000000 1.559003472 0.132855877 -1.035723209 0.043035295 -0.118029937 -0.008159078 0.992043495
1403637222638319104.000000 1.538479805 0.186613053 -1.066309333 0.036782227 -0.128295526 -0.010129552 0.991001904
1403637222738319104.000000 1.524880052 0.214098468 -1.090520859 0.038781844 -0.131548062 -0.010326610 0.990497053
1403637222838319104.000000 1.513739228 0.233289123 -1.116666317 0.046850443 -0.132623076 -0.010800425 0.989999771
1403637223038319104.000000 1.498075247 0.245232180 -1.174245477 0.066841155 -0.129907578 -0.013013393 0.989184976
1403637223338319104.000000 1.487650633 0.193957075 -1.212200642 0.058942445 -0.124298044 -0.006316549 0.990472555
1403637223538319104.000000 1.488449931 0.113520011 -1.226845026 0.045333575 -0.120496541 0.000069747 0.991678119
1403637223988318976.000000 1.495527506 -0.009332639 -1.223174691 0.036828108 -0.119079039 0.005743405 0.992184877
1403637225438319104.000000 1.443551302 0.161551744 -1.131345510 0.025777331 -0.119688988 0.012614837 0.992396593
1403637225738319104.000000 1.397210956 0.179597154 -1.157620072 0.034956485 -0.117786013 0.014149713 0.992322683
1403637225838319104.000000 1.375595450 0.170539215 -1.173418641 0.042321268 -0.117382467 0.012746410 0.992102683
1403637225988318976.000000 1.337258816 0.141215667 -1.195527554 0.038660299 -0.116827376 0.013294629 0.992310405
1403637226188318976.000000 1.284085274 0.096405156 -1.228449345 0.026630564 -0.116237268 0.013816494 0.992768228
1403637226388318976.000000 1.221869349 0.074496143 -1.256692410 0.035528552 -0.117095202 0.015609584 0.992362201
1403637226488318976.000000 1.189715385 0.073103964 -1.270814180 0.048363093 -0.117109127 0.014192831 0.991839230
1403637226588318976.000000 1.155624628 0.072969511 -1.283231974 0.055982966 -0.117695697 0.015774541 0.991344929
1403637226788318976.000000 1.084217548 0.081349276 -1.291866660 0.059747741 -0.116578996 0.013394148 0.991292179
1403637226838319104.000000 1.066928029 0.084568471 -1.292816281 0.059312228 -0.116550617 0.013252067 0.991323590
1403637226988318976.000000 1.012004733 0.096963033 -1.283488870 0.055486575 -0.114022121 0.001832228 0.991925836
1403637227038319104.000000 0.994111896 0.101174667 -1.278476715 0.052725863 -0.112027101 -0.005806223 0.992288351
1403637227138319104.000000 0.960078120 0.107263267 -1.268036008 0.046540458 -0.108683124 -0.020373637 0.992777348
1403637227388318976.000000 0.902914047 0.093993701 -1.246880293 0.045094114 -0.114675030 -0.010735972 0.992320955
1403637227688318976.000000 0.860469759 0.079598345 -1.211150646 0.049408309 -0.117954917 -0.012684797 0.991707921
1403637227938319104.000000 0.848716736 0.093526363 -1.164808869 0.039389063 -0.120118968 -0.008986541 0.991937101
1403637228238319104.000000 0.847846627 0.128704473 -1.109775186 0.020921294 -0.120383754 0.004577740 0.992496371
1403637228788318976.000000 0.801717579 0.103328899 -1.118275762 0.029772313 -0.119074047 0.010497315 0.992383361
1403637229188318976.000000 0.736689091 0.108250253 -1.158040643 0.027728656 -0.122264251 0.015566767 0.991988063
1403637229388318976.000000 0.697494864 0.136262491 -1.176484346 0.031197879 -0.131568536 0.011298616 0.990751624
1403637229538319104.000000 0.665838838 0.166598797 -1.191104650 0.047500480 -0.149906233 -0.022162164 0.987309813
1403637229738319104.000000 0.642712057 0.212827533 -1.206864238 0.057652902 -0.196608633 -0.063747607 0.976707458
1403637229838319104.000000 0.646272838 0.236741021 -1.211566210 0.052123658 -0.231976151 -0.058821023 0.969541252
1403637230188318976.000000 0.675478041 0.318593085 -1.211249232 0.045019992 -0.338552117 -0.071470678 0.937148690
1403637231338319104.000000 0.753248513 0.214282215 -1.249770284 0.028778248 -0.562752604 -0.180901065 0.806074560
1403637232988318976.000000 1.382254124 0.854742467 -2.144696951 0.033290386 0.868905306 0.325467438 -0.371438116
1403637233538319104.000000 1.523478150 0.994428098 -3.012339592 -0.029586600 0.866933763 0.338660091 -0.364499480
1403637234538319104.000000 2.753684044 1.632257819 -4.189682007 -0.077058963 0.901906788 0.186268717 -0.382007807
1403637234988318976.000000 3.641981840 1.833858490 -4.062348843 0.004370844 0.862693250 0.197954759 -0.465354919
1403637235138319104.000000 3.905441523 1.868957400 -3.971472502 0.002957830 0.846490622 0.191340953 -0.496823430
1403637235188318976.000000 3.992073298 1.873569250 -3.931043148 -0.001800171 -0.841368556 -0.188511357 0.506516695
1403637235788318976.000000 4.903423309 1.830957532 -3.441128254 0.032476291 -0.787578762 -0.197380289 0.582843006
1403637236288318976.000000 5.581550121 1.548216462 -2.902392864 0.063728273 -0.737502158 -0.121458054 0.661269426
1403637236588318976.000000 5.938034534 1.260646701 -2.392333031 0.045630921 -0.698327720 -0.118153088 0.704482794
1403637236788318976.000000 6.142418861 1.072540045 -2.012345791 0.025645949 -0.685699165 -0.103162900 0.720080793
1403637236888318976.000000 6.228868484 0.968041599 -1.801291704 0.009305841 -0.675582349 -0.094425574 0.731153727
1403637236938319104.000000 6.268378258 0.915791094 -1.699508309 -0.001362364 -0.669681191 -0.088463373 0.737359822
1403637237188318976.000000 6.387948036 0.613777757 -1.179388523 -0.055289000 -0.643488109 -0.062770583 0.760871887
1403637237238319104.000000 6.395024300 0.549820721 -1.066523671 -0.060750213 -0.636188805 -0.063020021 0.766551793
1403637237288318976.000000 6.389204502 0.487356514 -0.961282909 -0.063011199 -0.628146410 -0.065005787 0.772810400
1403637237388318976.000000 6.363018036 0.350652754 -0.761567891 -0.062044464 -0.614596188 -0.068309784 0.783425689
1403637237588318976.000000 6.230864048 0.099158391 -0.375435948 -0.065475367 -0.595890224 -0.075203218 0.796851516
1403637237788318976.000000 6.018276691 -0.161458105 -0.037276942 -0.076875448 -0.581867635 -0.092203498 0.804374754
1403637238238319104.000000 5.347355366 -0.618527710 0.551688790 -0.068864182 -0.611222208 -0.198290437 0.763116002
1403637238388318976.000000 5.100869179 -0.726616442 0.665794075 -0.080141932 -0.637297511 -0.239704400 0.727991045
1403637238488318976.000000 4.934282303 -0.784072816 0.710193574 -0.089527085 -0.658903003 -0.259799808 0.700239837
1403637238588318976.000000 4.767230511 -0.823174894 0.735435665 -0.094465435 -0.680624187 -0.276982844 0.671645403
1403637238638319104.000000 4.689507008 -0.839404464 0.747172058 -0.095006399 -0.688132226 -0.290175527 0.658214211
1403637238688318976.000000 4.597581387 -0.845581830 0.739943981 -0.090597242 -0.692878723 -0.303867757 0.647592187
1403637238738319104.000000 4.514156342 -0.865496159 0.740382016 -0.083255671 -0.696222007 -0.319992274 0.637140810
1403637238788318976.000000 4.427605152 -0.874579191 0.723651946 -0.074676767 -0.697493076 -0.336063206 0.628480971
1403637238838319104.000000 4.343973637 -0.880488336 0.700080156 -0.065717995 -0.697460949 -0.352089524 0.620695055
1403637238938319104.000000 4.185637951 -0.881658673 0.632485211 -0.045606039 -0.695207477 -0.380653501 0.608037472
1403637239088318976.000000 3.986678839 -0.872193098 0.468692303 -0.014133630 -0.700129151 -0.392542154 0.596263409
1403637239338319104.000000 3.756693363 -0.852900326 0.041020080 0.004011610 -0.744305909 -0.334495455 0.578018486
1403637239438319104.000000 3.691208839 -0.830786765 -0.161737144 -0.000728999 -0.758861244 -0.328449786 0.562360942
1403637239488318976.000000 3.666270733 -0.811573029 -0.266882449 -0.002959001 -0.766800582 -0.327050626 0.552309632
1403637239588318976.000000 3.620394707 -0.750973523 -0.486671656 -0.008553429 -0.784053862 -0.322960556 0.529983878
1403637239688318976.000000 3.582084417 -0.682298660 -0.709426582 -0.012608867 -0.802117169 -0.318735033 0.504833698
1403637241438319104.000000 3.323622227 1.116880417 -4.537708759 -0.033905219 0.919821978 0.254508913 -0.296653330
1403637241488318976.000000 3.337599039 1.160617113 -4.627845764 -0.038421769 0.920359850 0.250820339 -0.297574669
1403637241588318976.000000 3.365234852 1.240502119 -4.800552845 -0.046301655 0.921911061 0.241175741 -0.299617112
1403637241988318976.000000 3.571114779 1.444538116 -5.367131233 -0.009081773 0.929229617 0.205242261 -0.307124585
1403637242988318976.000000 4.176539421 1.442215919 -5.653969765 -0.010893272 0.916227698 0.179592267 -0.357987136
1403637243938319104.000000 4.722485542 1.069813728 -4.617580414 0.017516781 0.888429403 0.267030180 -0.372936010
1403637244538319104.000000 4.962841034 0.564940989 -4.021640778 0.005735815 0.885769606 0.274495035 -0.374208242
1403637245538319104.000000 5.512471676 -0.032028344 -3.361735344 -0.027389113 0.855725229 0.273386359 -0.438456416
1403637246438319104.000000 6.367455482 -0.115553580 -2.888383627 0.022329964 -0.704411089 -0.159824029 0.691203833
1403637246538319104.000000 6.455159187 -0.102873817 -2.820061922 0.023582138 -0.674453378 -0.138297215 0.724865794
1403637247388318976.000000 6.826256275 -0.066479117 -2.081547260 0.023150247 -0.497650325 -0.087967053 0.862594962
1403637247488318976.000000 6.837757587 -0.060924552 -1.972010970 0.001856323 -0.500242293 -0.078588195 0.862309754
1403637247588318976.000000 6.843492508 -0.056463242 -1.867092133 0.000631866 -0.499078393 -0.075148173 0.863292038
1403637247738319104.000000 6.836724758 -0.042719416 -1.715876937 0.005938733 -0.490814000 -0.059575297 0.869204879
1403637247838319104.000000 6.812484264 -0.041527562 -1.612104774 0.011427122 -0.482421786 -0.046128847 0.874648929
1403637247938319104.000000 6.769171715 -0.035967577 -1.501892209 0.005244118 -0.468166471 -0.043392267 0.882558644
1403637248088318976.000000 6.688792706 -0.050166212 -1.351793885 0.006073220 -0.440333784 -0.050218873 0.896408021
1403637248288318976.000000 6.544897556 -0.078456484 -1.149531960 0.026695279 -0.409310699 -0.060311243 0.910008073
1403637248738319104.000000 6.159396172 -0.072735235 -0.683776438 0.022468731 -0.399282008 -0.057143148 0.914769769
1403637249238319104.000000 5.650277615 -0.211915374 -0.210936978 0.033037361 -0.412238449 -0.069206759 0.907842696
1403637249588318976.000000 5.268405914 -0.334010720 0.136412412 0.029615369 -0.415469617 -0.071825966 0.906283021
1403637249838319104.000000 4.986918926 -0.335261732 0.404805034 0.014530293 -0.412599832 -0.063970901 0.908547163
1403637249988318976.000000 4.803576469 -0.344951332 0.558616281 0.013646976 -0.397250682 -0.062898651 0.915450394
1403637250088318976.000000 4.675467014 -0.365204841 0.654399693 0.016604157 -0.383114904 -0.072024681 0.920738697
1403637250238319104.000000 4.480686188 -0.395818025 0.791305482 0.020403301 -0.362384975 -0.077618457 0.928566754
1403637250538319104.000000 4.112883091 -0.415984839 1.052961588 0.020848235 -0.333442956 -0.093389705 0.937901676
1403637250938319104.000000 3.717363834 -0.468293220 1.326741934 0.027008016 -0.318469107 -0.090593211 0.943207741
1403637251338319104.000000 3.424610615 -0.618242681 1.507232785 0.029119713 -0.292456776 -0.096392840 0.950962424
1403637251588318976.000000 3.298775196 -0.746056736 1.579298615 0.024587538 -0.269734710 -0.064682029 0.960445166
1403637252588318976.000000 2.940628052 -0.887973607 1.714408875 0.020049622 -0.235985160 -0.046445448 0.970439017
1403637255388318976.000000 2.247676611 -0.795696974 1.069909930 0.021284616 -0.171644092 -0.010888662 0.984868884
1403637255788318976.000000 2.070190430 -0.738092542 0.920338571 0.032049827 -0.112004966 0.016322095 0.993056536
1403637255988318976.000000 1.968339086 -0.723617196 0.836259365 0.040063363 -0.072507478 0.028529104 0.996154428
1403637256138319104.000000 1.888551712 -0.732320368 0.770665765 0.041127183 -0.054655205 0.036246806 0.996999264
1403637257138319104.000000 1.324525952 -0.592872500 0.389492422 0.036663536 -0.031142706 0.030800246 0.998367310
1403637257288318976.000000 1.243403912 -0.580261648 0.334098935 0.037879009 -0.021737535 0.037935738 0.998325348
1403637257588318976.000000 1.081140280 -0.576019943 0.216287449 0.044777561 -0.010908439 0.048696399 0.997749805
1403637257688318976.000000 1.025484443 -0.565107763 0.181784585 0.051845185 -0.008460477 0.046496920 0.997536242
1403637257838319104.000000 0.941022098 -0.542238772 0.134676754 0.060963646 -0.000029154 0.045522928 0.997101367
1403637257988318976.000000 0.850111067 -0.509795487 0.100350030 0.066503368 0.015831269 0.046730641 0.996565580
1403637258138319104.000000 0.761044800 -0.481810242 0.077471361 0.065551206 0.041898590 0.051126100 0.995657384
1403637258288318976.000000 0.671261489 -0.467318565 0.064680904 0.051264238 0.067852251 0.065793857 0.994202793
1403637258388318976.000000 0.613489747 -0.458168536 0.057796292 0.044771861 0.081334189 0.070351802 0.993192255
1403637258588318976.000000 0.496363610 -0.422414899 0.052098066 0.050156422 0.100744620 0.060819689 0.991784155
1403637258688318976.000000 0.442917675 -0.401680708 0.051851582 0.045918643 0.103992634 0.060678348 0.991662800
1403637258838319104.000000 0.366872191 -0.367089480 0.054806884 0.040341090 0.105468243 0.060770951 0.991743863
1403637259038319104.000000 0.274722725 -0.332380533 0.057778087 0.038875181 0.105693422 0.054252118 0.992156386
1403637259288318976.000000 0.177097142 -0.346595436 0.044790898 0.037071019 0.102997325 0.052598089 0.992597997
1403637259638319104.000000 0.081486993 -0.373539239 0.020159641 0.035671819 0.103968866 0.036116660 0.993284225
1403637260238319104.000000 0.057797272 -0.317974806 -0.003843258 0.037811574 0.096223012 0.060499739 0.992799699
1403637260588318976.000000 0.073703445 -0.237341315 -0.015115005 0.048852250 0.091187060 0.082520746 0.991205692
1403637260738319104.000000 0.068512633 -0.201835394 -0.019623430 0.055211771 0.092957757 0.076784901 0.991168320
1403637260838319104.000000 0.061198503 -0.178920746 -0.019585399 0.046940539 0.094334312 0.075100958 0.991593421
1403637260988318976.000000 0.047243748 -0.144566447 -0.017993510 0.035763871 0.096239284 0.073385596 0.992004812
1403637261088318976.000000 0.036771275 -0.119914152 -0.018804893 0.038544744 0.096909575 0.072120398 0.991928160
1403637261188318976.000000 0.025706360 -0.095239185 -0.020226246 0.050756779 0.096230932 0.073059648 0.991375625
1403637261288318976.000000 0.012813421 -0.074328326 -0.021661445 0.060635772 0.095392063 0.074743845 0.990775943
1403637261388318976.000000 -0.001647545 -0.061676346 -0.020984307 0.054205619 0.095979512 0.073063016 0.991217196
1403637261638319104.000000 -0.041029245 -0.045057543 -0.017168179 0.061199900 0.096970290 0.067346282 0.991118491
1403637262288318976.000000 -0.136680976 -0.018680269 0.049132373 0.033665136 0.096035860 0.055229995 0.993274093
