1403638518077829376.000000 0.000000000 0.000000000 0.000000000 0.000000000 0.000000000 0.000000000 1.000000000
1403638522527829504.000000 -0.006723981 -0.140517443 -0.093181670 -0.007181490 0.030573232 -0.008416435 0.999471307
1403638522577829376.000000 -0.007385198 -0.168278188 -0.102257960 -0.004172427 0.034981694 -0.012687570 0.999298692
1403638524027829504.000000 0.051011860 -0.088232748 -0.084058844 -0.000161433 0.032896686 0.023932757 0.999172151
1403638524077829376.000000 0.051392522 -0.083470590 -0.084961511 0.003611711 0.033001047 0.028994093 0.999028146
1403638524227829504.000000 0.051499795 -0.111914255 -0.099996924 0.014337074 0.038975641 0.032156471 0.998619676
1403638524577829376.000000 0.053948015 -0.302260160 -0.159320235 -0.017930282 0.053963199 0.014663680 0.998274267
1403638527077829376.000000 0.586362422 -0.136289239 -0.188709930 -0.016136369 -0.055077258 -0.025153110 0.998034775
1403638527227829504.000000 0.659989834 -0.139899880 -0.206349924 -0.011839453 -0.078160375 -0.036985099 0.996184170
1403638527327829504.000000 0.692592800 -0.144686833 -0.209229723 -0.017142197 -0.096831352 -0.038537696 0.994406700
1403638529227829504.000000 0.168474212 -0.257598430 0.038831014 -0.021025755 -0.068544902 -0.030027481 0.996974349
1403638529727829504.000000 0.087496139 -0.127994537 -0.047753934 0.032607954 -0.065499961 -0.013102025 0.997233570
1403638529877829376.000000 0.074267261 -0.096354082 -0.043323696 0.015818441 -0.065561466 -0.014432548 0.997618735
1403638530077829376.000000 0.068452314 -0.076483794 -0.023258299 0.013315655 -0.066619545 -0.014386309 0.997585893
1403638530277829376.000000 0.071640953 -0.069501743 0.011942182 0.016316880 -0.075285107 -0.021393290 0.996798992
1403638530727829504.000000 0.089007467 -0.055801947 0.061629865 0.025355941 -0.087085746 -0.032613851 0.995343924
1403638531777829376.000000 0.088185430 -0.044585608 0.072517082 0.008405836 -0.085670918 -0.027186671 0.995917022
1403638540277829376.000000 0.099158935 -0.299706012 0.158908889 0.003050125 -0.077309854 -0.024190621 0.996708930
1403638540577829376.000000 0.101017922 -0.369212210 0.266048819 -0.013152666 -0.058976389 -0.013157791 0.998085976
1403638541077829376.000000 0.066453964 -0.484932840 0.476538986 -0.018935671 0.049700409 0.051864289 0.997236907
1403638541677829376.000000 -0.124778666 -0.647035718 0.756286979 -0.024365211 0.084571876 0.064125463 0.994053245
1403638541927829504.000000 -0.257088661 -0.770797849 0.837869287 -0.023537466 0.119169675 0.065796971 0.990411699
1403638542077829376.000000 -0.347465903 -0.835005045 0.887901545 -0.021018209 0.149083957 0.075069830 0.985746801
1403638542227829504.000000 -0.430659294 -0.882872224 0.943006754 -0.019752620 0.185908854 0.088104583 0.978409588
1403638542477829376.000000 -0.580314696 -0.950926483 1.039538980 -0.038388301 0.238214210 0.117739812 0.963284850
1403638542677829376.000000 -0.709354937 -0.990037858 1.113824129 -0.055228222 0.251326680 0.142365694 0.955780685
1403638543027829504.000000 -0.962709010 -1.092694521 1.160109282 -0.027288226 0.266375870 0.122377135 0.955679357
1403638543527829504.000000 -1.361800194 -1.201193094 1.219569325 -0.021545772 0.274077654 0.118881352 0.954088271
1403638543777829376.000000 -1.575201273 -1.220744491 1.249449015 -0.024094619 0.316559017 0.145708710 0.937005222
1403638544027829504.000000 -1.810180545 -1.268571019 1.260276556 -0.026671931 0.370546728 0.165986374 0.913472593
1403638544227829504.000000 -1.995829105 -1.326570511 1.260262251 -0.022205032 0.395907909 0.165331215 0.903011322
1403638544527829504.000000 -2.284259796 -1.388720036 1.290809512 -0.020629743 0.401973605 0.166473761 0.900154531
1403638545527829504.000000 -3.218622446 -1.491585493 1.475415230 -0.029532157 0.416479200 0.166527152 0.893275797
1403638545827829504.000000 -3.484325647 -1.509800792 1.525134087 -0.025290253 0.461102158 0.186794430 0.867094576
1403638546077829376.000000 -3.700657606 -1.559290051 1.547776103 -0.027184932 0.508318305 0.216576129 0.833047569
1403638546327829504.000000 -3.925305367 -1.591527700 1.571757078 -0.025334047 0.534059882 0.225241497 0.814496458
1403638546677829376.000000 -4.254216671 -1.611375570 1.622191191 -0.022342077 0.548859656 0.228527457 0.803759396
1403638546927829504.000000 -4.497755527 -1.655091047 1.636112809 -0.025444388 0.558169246 0.237711519 0.794539452
1403638547377829376.000000 -4.962981701 -1.680196762 1.647168756 -0.031349044 0.558061302 0.247207791 0.791500568
1403638547827829504.000000 -5.468791485 -1.601825237 1.643246174 -0.026004445 0.556476295 0.240336508 0.794919014
1403638548277829376.000000 -6.009881020 -1.545100570 1.600093961 -0.020576207 0.577468753 0.246453196 0.778053522
1403638548677829376.000000 -6.509328365 -1.569523931 1.489129066 -0.019761192 0.620158076 0.260677338 0.739635527
1403638548977829376.000000 -6.910557270 -1.582559943 1.403461218 -0.018977249 0.628653407 0.263893217 0.731296897
1403638549277829376.000000 -7.314698219 -1.653453350 1.297688365 -0.017743446 0.629676938 0.261642635 0.731255949
1403638549527829504.000000 -7.664606571 -1.731187463 1.204944730 -0.014575752 0.630552053 0.255100608 0.732881546
1403638549727829504.000000 -7.956940651 -1.774674177 1.134236693 -0.018809156 0.629786789 0.253352582 0.734048605
1403638550027829504.000000 -8.381550789 -1.886030555 1.038660169 -0.012950704 0.628622234 0.254543871 0.734761059
1403638550227829504.000000 -8.666530609 -1.976213932 0.964314282 -0.010752534 0.629278839 0.253949076 0.734440207
1403638550477829376.000000 -9.029747009 -2.104656935 0.883732677 -0.011621116 0.630561233 0.252382457 0.733866870
1403638550727829504.000000 -9.380082130 -2.218637943 0.832733929 -0.012959162 0.635646462 0.240790084 0.733352423
1403638550977829376.000000 -9.742327690 -2.305643320 0.797304273 -0.028643724 0.639919043 0.226036623 0.733887315
1403638551227829504.000000 -10.050568581 -2.388431549 0.797420979 -0.031021468 0.644277275 0.215672240 0.733096182
1403638551477829376.000000 -10.308966637 -2.491889715 0.811769903 -0.018259017 0.626835167 0.210679531 0.749905586
1403638551727829504.000000 -10.540373802 -2.590830088 0.884928763 -0.007021958 0.587702870 0.183440119 0.787975729
1403638551977829376.000000 -10.746973991 -2.706907749 1.001228929 -0.016795209 0.546216130 0.172596738 0.819497526
1403638552227829504.000000 -10.909359932 -2.851458073 1.136773348 -0.020843813 0.525986493 0.175701797 0.831884980
1403638552477829376.000000 -11.032594681 -3.017570019 1.291571498 -0.024684520 0.527543664 0.164310604 0.833120883
1403638552827829504.000000 -11.140666962 -3.209730864 1.555368662 -0.032559857 0.532178164 0.163154691 0.830124557
1403638553177829376.000000 -11.160278320 -3.349503517 1.870682597 -0.041102897 0.535456955 0.176078916 0.824980378
1403638553527829504.000000 -11.098996162 -3.497008324 2.168115616 -0.067394488 0.538947999 0.176214665 0.820939362
1403638553777829376.000000 -10.980025291 -3.624376297 2.338352680 -0.071778700 0.536356390 0.183560520 0.820655346
1403638554077829376.000000 -10.760735512 -3.810728312 2.503663063 -0.058039363 0.534220457 0.188358486 0.822046876
1403638554377829376.000000 -10.498547554 -3.935769796 2.680704832 -0.036854289 0.527910352 0.210229874 0.822043717
1403638554777829376.000000 -10.159710884 -4.070124149 2.874733686 -0.026168138 0.532781065 0.200955689 0.821630299
1403638554977829376.000000 -9.995165825 -4.154285431 2.966879845 -0.025930494 0.534604609 0.193711966 0.822192967
1403638555127829504.000000 -9.876235008 -4.208539486 3.041014194 -0.026186861 0.524425149 0.191892147 0.829138041
1403638555227829504.000000 -9.794565201 -4.237036705 3.094686031 -0.024748530 0.514284015 0.188278183 0.836331725
1403638555327829504.000000 -9.712309837 -4.266002655 3.152945518 -0.024201538 0.505194485 0.185737520 0.842433631
1403638555377829376.000000 -9.666893005 -4.274046421 3.184376478 -0.026722549 0.500765681 0.186959982 0.844728112
1403638555477829376.000000 -9.582389832 -4.297384739 3.245690823 -0.028264647 0.494096547 0.187435195 0.848491430
1403638555577829376.000000 -9.500726700 -4.315849304 3.303808451 -0.029277550 0.490242422 0.186629146 0.850867033
1403638555727829504.000000 -9.376524925 -4.354146004 3.395360231 -0.026819924 0.488899201 0.184940994 0.852088690
1403638555777829376.000000 -9.335906029 -4.370016575 3.422543049 -0.026078347 0.488156915 0.186249331 0.852252305
1403638555927829504.000000 -9.212725639 -4.428338528 3.500848532 -0.025869701 0.487727851 0.188741043 0.851956069
1403638556127829504.000000 -9.052243233 -4.525160789 3.607073307 -0.023634806 0.487602532 0.191945270 0.851376653
1403638556327829504.000000 -8.900590897 -4.603289604 3.713714361 -0.011383349 0.486184299 0.195209816 0.851697385
1403638556427829504.000000 -8.829838753 -4.641883850 3.774331331 -0.007484039 0.485894620 0.196063757 0.851709723
1403638556527829504.000000 -8.764301300 -4.678111553 3.835737705 -0.001338971 0.484354138 0.198447302 0.852066875
1403638556677829376.000000 -8.673760414 -4.735464573 3.931531429 0.004666702 0.487367064 0.188035920 0.852698088
1403638556827829504.000000 -8.591531754 -4.811037540 4.038513184 -0.003489101 0.491599441 0.176690027 0.852700651
1403638557027829504.000000 -8.488072395 -4.939757824 4.190336704 -0.007491676 0.494202256 0.170195222 0.852491379
1403638557177829376.000000 -8.408907890 -5.018342018 4.319482803 -0.011448627 0.493338615 0.173897877 0.852200389
1403638557227829504.000000 -8.380480766 -5.045422554 4.365033627 -0.012422645 0.493051827 0.174850613 0.852157772
1403638557327829504.000000 -8.329319000 -5.090095043 4.459669590 -0.013960577 0.492683440 0.176282078 0.852052093
1403638557677829376.000000 -8.140398979 -5.283156872 4.802035332 -0.026329942 0.487692446 0.193071589 0.850991309
1403638557777829376.000000 -8.087997437 -5.346235275 4.892052650 -0.027147550 0.487407088 0.192915529 0.851164460
1403638558027829504.000000 -7.965749741 -5.469382286 5.123737335 -0.023721932 0.484355628 0.199052170 0.851595640
1403638558177829376.000000 -7.900795460 -5.531374454 5.264417648 -0.009554542 0.482536584 0.202094033 0.852188468
1403638558277829376.000000 -7.861728668 -5.577072620 5.359728813 -0.002556452 0.480676562 0.205375269 0.852504849
1403638558377829376.000000 -7.831876278 -5.629744053 5.450150967 -0.000201013 0.478027076 0.210462898 0.852757573
1403638558477829376.000000 -7.807994366 -5.694160461 5.542242527 0.006660494 0.474934667 0.217018664 0.852816284
1403638558627829504.000000 -7.788766861 -5.794827461 5.672975540 0.010273106 0.476308882 0.210981369 0.853528678
1403638558877829376.000000 -7.794001102 -5.989668846 5.899828911 0.006748544 0.482102841 0.192877755 0.854593158
1403638559177829376.000000 -7.836796284 -6.179598808 6.220538616 -0.015428306 0.483222455 0.190936685 0.854284048
1403638559427829504.000000 -7.875614166 -6.294472694 6.511998177 -0.025691357 0.481599689 0.200396344 0.852785408
1403638559827829504.000000 -7.962870121 -6.428653240 6.952939510 -0.030297985 0.483624965 0.202516615 0.850985289
1403638560127829504.000000 -8.045893669 -6.526283741 7.256215572 -0.028480224 0.458860844 0.185024425 0.868562937
1403638560377829376.000000 -8.113186836 -6.571771622 7.522729397 -0.037228033 0.403379261 0.155626088 0.900932729
1403638560577829376.000000 -8.163661957 -6.589283943 7.731302738 -0.045229748 0.353713334 0.125785917 0.925753236
1403638560727829504.000000 -8.190227509 -6.591362476 7.883763313 -0.041971993 0.319853067 0.098311864 0.941417634
1403638560827829504.000000 -8.201931000 -6.599752903 7.977774143 -0.042302560 0.297834188 0.085364439 0.949851692
1403638560927829504.000000 -8.203732491 -6.612432957 8.070119858 -0.044349886 0.276420891 0.072023511 0.957307279
1403638560977829376.000000 -8.208395958 -6.621001720 8.115210533 -0.047032665 0.264895171 0.067387119 0.960769176
1403638561027829504.000000 -8.203224182 -6.632044315 8.154553413 -0.050589748 0.253744513 0.062949747 0.963894069
1403638561127829504.000000 -8.188604355 -6.657926083 8.232069016 -0.055282127 0.232875347 0.053247038 0.969472885
1403638561327829504.000000 -8.139058113 -6.717455864 8.372323990 -0.061455879 0.204916567 0.040752232 0.975997746
1403638561527829504.000000 -8.053347588 -6.770306110 8.481204987 -0.047071241 0.187754363 0.058489840 0.979342401
1403638561877829376.000000 -7.890592098 -6.788508892 8.671718597 -0.042498026 0.182522237 0.071038246 0.979710758
1403638562127829504.000000 -7.764298916 -6.786157131 8.797621727 -0.042985681 0.158976242 0.064646520 0.984225392
1403638562427829504.000000 -7.612424374 -6.807273388 8.906458855 -0.046024922 0.124175638 0.049209800 0.989969969
1403638562627829504.000000 -7.514173031 -6.829827309 8.956799507 -0.046639279 0.086645566 0.025370965 0.994823396
1403638562827829504.000000 -7.396086216 -6.867012501 8.986941338 -0.046145894 0.042328272 -0.005184690 0.998024046
1403638563027829504.000000 -7.273064137 -6.884909153 9.018502235 -0.045904774 -0.004621049 -0.029439952 0.998501241
1403638563277829376.000000 -7.107474327 -6.870011806 9.045965195 -0.049307533 -0.052373581 -0.051837787 0.996061563
1403638563527829504.000000 -6.908843517 -6.822407246 9.052554131 -0.070475884 -0.070189700 -0.058780767 0.993303239
1403638563827829504.000000 -6.625369549 -6.755520344 8.994241714 -0.058806427 -0.067026608 -0.060482498 0.994178593
1403638564177829376.000000 -6.265972614 -6.699144840 8.824612617 -0.061034530 -0.053470105 -0.059102882 0.994948506
1403638564427829504.000000 -5.966845989 -6.636288643 8.666680336 -0.068182305 -0.047873754 -0.047296159 0.995400608
1403638564627829504.000000 -5.706952572 -6.591178894 8.498200417 -0.064998709 -0.042399656 -0.048734870 0.995792329
1403638564727829504.000000 -5.579323292 -6.562363148 8.407093048 -0.062717795 -0.040419962 -0.054028064 0.995747805
1403638564977829376.000000 -5.226334095 -6.449504852 8.175563812 -0.062997289 -0.038769364 -0.062754020 0.995283961
1403638565177829376.000000 -4.919030190 -6.281906605 8.008458138 -0.060710553 -0.037620489 -0.064707741 0.995345056
1403638565377829376.000000 -4.599314213 -6.079759121 7.830423355 -0.057212401 -0.040496036 -0.060723219 0.995690465
1403638565577829376.000000 -4.258681297 -5.867569447 7.640592098 -0.062837854 -0.047022112 -0.052158546 0.995550036
1403638565777829376.000000 -3.904406071 -5.680129528 7.421768188 -0.059141662 -0.058497190 -0.031847224 0.996025145
1403638565977829376.000000 -3.556522846 -5.508676529 7.180699825 -0.052119322 -0.064728670 -0.024284471 0.996244967
1403638566227829504.000000 -3.139814138 -5.274658680 6.874341965 -0.050229270 -0.065112121 -0.025347367 0.996290565
1403638566427829504.000000 -2.821679592 -5.048675537 6.641498089 -0.049249575 -0.062822580 -0.024732258 0.996501923
1403638566627829504.000000 -2.524894238 -4.804937840 6.424525738 -0.038427915 -0.057121981 -0.024733949 0.997320712
1403638566827829504.000000 -2.244412661 -4.523522377 6.213383675 -0.001721934 -0.053257380 -0.021726239 0.998342931
1403638566977829376.000000 -2.037854910 -4.325275898 6.085973740 0.011916790 -0.050222155 -0.019957872 0.998467565
1403638567227829504.000000 -1.703228235 -4.004640579 5.905584335 -0.034007560 -0.051445998 -0.012724922 0.998015463
1403638567427829504.000000 -1.435508966 -3.749135017 5.786426067 -0.043944921 -0.054670077 -0.009216248 0.997494400
1403638567627829504.000000 -1.205984712 -3.503401518 5.661091328 -0.032833658 -0.059560142 -0.008805267 0.997645736
1403638567827829504.000000 -0.984532714 -3.287441015 5.525329113 -0.020967258 -0.063484423 -0.007131277 0.997737050
1403638568077829376.000000 -0.744467795 -3.083528996 5.356105804 -0.017371971 -0.066112541 -0.007699226 0.997631252
1403638568477829376.000000 -0.407274723 -2.848407030 5.121376514 -0.015216883 -0.069648176 -0.004971029 0.997443140
1403638569027829504.000000 -0.078771740 -2.559709549 4.898089886 -0.010559957 -0.071125150 -0.002327389 0.997408807
1403638570777829376.000000 0.126001015 -2.298206329 4.839552402 -0.042775910 -0.118184417 -0.106032148 0.986387253
1403638571027829504.000000 0.199322283 -2.189604998 4.855588913 -0.066377632 -0.178571910 -0.133031249 0.972629786
1403638571277829376.000000 0.342228919 -2.063223839 4.814849377 -0.045187086 -0.234855473 -0.127344653 0.962592542
1403638571677829376.000000 0.610631466 -1.928846359 4.653956890 -0.041779164 -0.274267763 -0.129812345 0.951935112
1403638571827829504.000000 0.724176943 -1.868258715 4.575933933 -0.033182066 -0.296044171 -0.141298085 0.944082439
1403638572327829504.000000 1.170441985 -1.693030596 4.258124352 -0.023164134 -0.391335607 -0.184217766 0.901323259
1403638572527829504.000000 1.369681716 -1.619982243 4.112669468 -0.011597026 -0.427740782 -0.192177609 0.883159697
1403638572777829376.000000 1.639040112 -1.528616905 3.936553001 -0.003714955 -0.448087066 -0.188606098 0.873860359
1403638572977829376.000000 1.868447542 -1.498370409 3.799496412 0.005299135 -0.450613797 -0.185035408 0.873316109
1403638573227829504.000000 2.170916319 -1.459079981 3.656523228 0.008918075 -0.446114957 -0.183905199 0.875831485
1403638573427829504.000000 2.421448946 -1.435728312 3.564523935 0.011652555 -0.445249557 -0.182476267 0.876538336
1403638573677829376.000000 2.755797148 -1.447204947 3.458361626 0.015034507 -0.450511932 -0.180008546 0.874305367
1403638573827829504.000000 2.968255758 -1.474515438 3.415101767 0.009682867 -0.464733690 -0.177451327 0.867432892
1403638573927829504.000000 3.110492229 -1.491781354 3.392671585 -0.000090498 -0.481452197 -0.176468581 0.858523488
1403638574027829504.000000 3.255501509 -1.508721590 3.374951363 -0.015838465 -0.498184234 -0.187158927 0.846482813
1403638574077829376.000000 3.323801041 -1.514241219 3.371558428 -0.024401061 -0.506857753 -0.194830149 0.839369416
1403638574177829376.000000 3.468024015 -1.525916219 3.353210211 -0.041515313 -0.524813712 -0.212044880 0.823337138
1403638574277829376.000000 3.603526354 -1.527613640 3.335973740 -0.050221995 -0.544575512 -0.225335076 0.806312203
1403638574327829504.000000 3.671903133 -1.523516059 3.328099251 -0.050408326 -0.555124044 -0.230128527 0.797707438
1403638574377829376.000000 3.747216702 -1.516095638 3.318413496 -0.048974503 -0.565492034 -0.234696537 0.789137363
1403638574427829504.000000 3.811068773 -1.509814620 3.303729773 -0.046651121 -0.576071382 -0.237850457 0.780636013
1403638574477829376.000000 3.873597622 -1.502723455 3.291004181 -0.044511206 -0.585937619 -0.242356688 0.771983862
1403638574527829504.000000 3.934401751 -1.498604417 3.278687954 -0.042909931 -0.594822943 -0.245704427 0.764181793
1403638574677829376.000000 4.122485161 -1.481978297 3.225838184 -0.038990129 -0.615474463 -0.247857392 0.747153044
1403638574927829504.000000 4.404826641 -1.475268245 3.118384600 -0.016734198 -0.629048228 -0.249068871 0.736194968
1403638575327829504.000000 4.846059322 -1.427665830 2.966010809 -0.024575748 -0.619564831 -0.268591464 0.737152696
1403638575727829504.000000 5.312738895 -1.321029782 2.790191889 0.003285368 -0.612917066 -0.259856433 0.746187985
1403638576077829376.000000 5.775370121 -1.318867087 2.612932444 0.012912646 -0.610728025 -0.254597813 0.749682903
1403638576327829504.000000 6.141583920 -1.353250742 2.494266987 0.012544855 -0.614316702 -0.246604472 0.749429047
1403638576627829504.000000 6.600068092 -1.371317267 2.401998281 0.029470421 -0.619927466 -0.232815325 0.748744607
1403638576827829504.000000 6.920364380 -1.381009459 2.381569862 0.020530414 -0.623651564 -0.223119915 0.748902380
1403638577127829504.000000 7.395920277 -1.397477984 2.408589602 -0.004289922 -0.621627986 -0.231599063 0.748279452
1403638577327829504.000000 7.704518318 -1.431257129 2.436855316 -0.002660836 -0.622576296 -0.229747981 0.748069227
1403638577477829376.000000 7.927259922 -1.476698995 2.458916903 0.006721341 -0.625885904 -0.219866395 0.748251557
1403638577627829504.000000 8.146360397 -1.526926160 2.492010832 0.004782785 -0.623659015 -0.224937782 0.748618424
1403638577777829376.000000 8.363701820 -1.564941764 2.544512510 0.003063534 -0.621508896 -0.229522750 0.749023736
1403638578127829504.000000 8.852704048 -1.643948793 2.695847273 -0.001480985 -0.619183540 -0.229557008 0.750941515
1403638578427829504.000000 9.263433456 -1.756920695 2.830399752 -0.018449841 -0.612832546 -0.245239124 0.750968516
1403638578577829376.000000 9.464899063 -1.794540524 2.901065588 -0.019162001 -0.613434196 -0.245654464 0.750323415
1403638578777829376.000000 9.726740837 -1.832160592 2.991722584 -0.013966176 -0.617348313 -0.237559110 0.749834478
1403638579127829504.000000 10.174645424 -1.891782522 3.158857346 -0.006691695 -0.620185077 -0.226361975 0.751056552
1403638579627829504.000000 10.750730515 -2.070205212 3.390201569 -0.035845451 -0.609536290 -0.234591827 0.756404161
1403638579977829376.000000 11.096554756 -2.116673470 3.567121744 -0.027829533 -0.547245800 -0.191119850 0.814383626
1403638580327829504.000000 11.335796356 -2.142848730 3.752852440 -0.048611827 -0.420053840 -0.132978603 0.896386266
1403638580677829376.000000 11.503888130 -2.111613512 3.919265747 -0.037846461 -0.328371108 -0.126250789 0.935307860
1403638581877829376.000000 12.033367157 -2.318782806 4.225469589 -0.041069794 -0.315102398 -0.102203816 0.942644238
1403638582727829504.000000 12.150971413 -2.596374989 4.292210579 -0.037477683 -0.317207217 -0.100252777 0.942297399
1403638583627829504.000000 12.019646645 -2.950999737 4.305701733 -0.021433223 -0.317501128 -0.106784418 0.941982329
1403638584027829504.000000 11.923573494 -3.096188784 4.359295845 -0.025044369 -0.318354040 -0.103338495 0.941989720
1403638584877829376.000000 11.492602348 -3.226185322 4.479157925 -0.037998322 -0.316787153 -0.102599844 0.942165196
1403638585677829376.000000 10.882397652 -3.259847164 4.471695423 -0.028641436 -0.314126611 -0.107665129 0.942821503
1403638586027829504.000000 10.606616974 -3.344495773 4.459307671 -0.016760832 -0.311561286 -0.116645135 0.942890525
1403638586327829504.000000 10.396946907 -3.414574623 4.468236446 -0.032506485 -0.316225737 -0.109589048 0.941772163
1403638586677829376.000000 10.142604828 -3.450183153 4.506490707 -0.036358606 -0.321688622 -0.098152012 0.941042304
1403638587077829376.000000 9.814252853 -3.433667660 4.578919888 -0.039294142 -0.318345964 -0.104940414 0.941328466
1403638587527829504.000000 9.420666695 -3.436363220 4.616428852 -0.031778183 -0.315994710 -0.108764820 0.941970110
1403638587927829504.000000 9.067673683 -3.419233084 4.659884930 -0.032484014 -0.316084146 -0.112075843 0.941527784
1403638588377829376.000000 8.670524597 -3.338433027 4.731723309 -0.029958788 -0.320538163 -0.098827533 0.941589534
1403638588877829376.000000 8.194345474 -3.366271973 4.754070282 -0.036639221 -0.315666884 -0.110517979 0.941699386
1403638589377829376.000000 7.713760376 -3.338130474 4.791960716 -0.037567053 -0.317133427 -0.108851276 0.941364169
1403638589827829504.000000 7.269393921 -3.331817865 4.783745766 -0.031955261 -0.316922635 -0.111540020 0.941327631
1403638590377829376.000000 6.744118690 -3.289461136 4.772068501 -0.032711733 -0.319077075 -0.113012604 0.940397739
1403638590927829504.000000 6.237158775 -3.245256901 4.753400326 -0.023018897 -0.317338824 -0.117486767 0.940724790
1403638591477829376.000000 5.801613331 -3.271316767 4.731967449 0.011535194 -0.312386125 -0.132627457 0.940580547
1403638592127829504.000000 5.527318478 -3.288815737 4.925256729 -0.002496786 -0.311970621 -0.131485000 0.940946221
1403638592577829376.000000 5.464668274 -3.497447729 5.051990509 -0.028655166 -0.259831190 -0.114625931 0.958398402
1403638593177829376.000000 5.518774986 -3.813235283 5.177657127 -0.004805097 -0.228750110 -0.100315288 0.968290806
1403638593577829376.000000 5.622033596 -4.045540333 5.311969280 -0.028069779 -0.244696125 -0.072066031 0.966510415
1403638593827829504.000000 5.666347027 -4.163850784 5.411349773 -0.042685565 -0.247062385 -0.071454927 0.965418220
1403638594027829504.000000 5.680184841 -4.249802589 5.476933956 -0.058795277 -0.233273640 -0.074494794 0.967769086
1403638594377829376.000000 5.675093651 -4.417988777 5.539929867 -0.044622384 -0.222146899 -0.063402444 0.971925795
1403638594677829376.000000 5.638560295 -4.563190937 5.547070026 -0.046946503 -0.215618834 -0.067387171 0.973017752
1403638595077829376.000000 5.561814785 -4.720530510 5.537173271 -0.038984645 -0.215141997 -0.074745215 0.972937465
1403638595927829504.000000 5.357104301 -4.753275871 5.526366234 -0.033946160 -0.220172942 -0.066556938 0.972595334
1403638596527829504.000000 5.103564739 -4.704418182 5.551678181 -0.022972852 -0.240092844 -0.007401909 0.970449865
1403638596827829504.000000 4.818079948 -4.788565636 5.566050053 -0.019699231 -0.246178031 0.013724785 0.968927205
1403638597077829376.000000 4.461692810 -4.893803120 5.613801956 -0.024235450 -0.249636635 0.019324372 0.967843354
1403638597377829376.000000 3.906285524 -5.010462284 5.703060150 -0.034832917 -0.249741912 0.010153259 0.967632473
1403638597627829504.000000 3.350602150 -5.075234413 5.817610741 -0.054193445 -0.240449741 -0.019464787 0.968952060
1403638597827829504.000000 2.861379385 -5.101540565 5.907757282 -0.051254712 -0.239519641 -0.009578630 0.969490349
1403638598027829504.000000 2.341872454 -5.120617390 6.000072479 -0.047128431 -0.230825484 0.006218723 0.971833229
1403638598227829504.000000 1.783223033 -5.160519600 6.080978870 -0.051526990 -0.207996890 -0.025388941 0.976441324
1403638598377829376.000000 1.342139721 -5.188139915 6.144844532 -0.047943946 -0.198147446 -0.043909613 0.978013754
1403638598577829376.000000 0.770365953 -5.200351715 6.221184731 -0.042160351 -0.190479487 -0.048855674 0.979567885
1403638598877829376.000000 -0.079067826 -5.205547333 6.319134235 -0.040654544 -0.154218063 -0.033365492 0.986636043
1403638599027829504.000000 -0.495226562 -5.213662148 6.361576557 -0.040097598 -0.127524897 -0.023267999 0.990751326
1403638599277829376.000000 -1.156773329 -5.242904663 6.417767048 -0.040625744 -0.078768663 -0.000523277 0.996064663
1403638599527829504.000000 -1.855427384 -5.315964699 6.500590324 -0.032023489 -0.041129131 0.016462531 0.998504817
1403638600327829504.000000 -3.892903328 -5.367685795 6.703097820 -0.009073330 -0.022157576 -0.040657021 0.998886228
1403638600427829504.000000 -4.121930122 -5.361421585 6.747137070 -0.006818687 -0.020196298 -0.052075874 0.998415589
1403638600527829504.000000 -4.334016323 -5.369808197 6.782571793 -0.004974173 -0.020503124 -0.055140294 0.998255670
1403638600627829504.000000 -4.530581474 -5.383732796 6.823332310 -0.002488565 -0.021376939 -0.056121226 0.998192012
1403638600677829376.000000 -4.622703075 -5.395505905 6.842278481 -0.001689074 -0.020893540 -0.058409330 0.998072624
1403638600727829504.000000 -4.710915565 -5.407812595 6.862023830 0.001685830 -0.021438943 -0.057089027 0.998137474
1403638600827829504.000000 -4.875603676 -5.436848164 6.904221535 0.008548433 -0.022353482 -0.052645180 0.998326480
1403638600927829504.000000 -5.026743412 -5.471310616 6.954692841 0.013720497 -0.028129036 -0.033701155 0.998941779
1403638600977829376.000000 -5.099174023 -5.490897179 6.979320526 0.014545294 -0.031029385 -0.024134364 0.999121189
1403638601027829504.000000 -5.170772076 -5.507460117 7.008073807 0.015334560 -0.033119917 -0.016904252 0.999190748
1403638601077829376.000000 -5.239676476 -5.523467541 7.039959908 0.015132966 -0.034114797 -0.012444756 0.999225855
1403638601127829504.000000 -5.307846546 -5.539446831 7.071462154 0.013149894 -0.035441816 -0.008319838 0.999250591
1403638601177829376.000000 -5.375292778 -5.553802490 7.108947754 0.012530499 -0.037121519 -0.002696753 0.999228537
1403638601427829504.000000 -5.716764450 -5.646941662 7.302317619 -0.013003236 -0.030668065 0.008476838 0.999409080
1403638601877829376.000000 -6.348690510 -5.880278587 7.657604694 -0.035644587 0.065091848 0.055291232 0.995708466
1403638602277829376.000000 -6.904609680 -6.083223820 7.927142620 -0.046677403 0.139282197 0.094463162 0.984631121
1403638602577829376.000000 -7.356817722 -6.221808910 8.065924644 -0.114220083 0.228336841 0.064368516 0.964713812
1403638602677829376.000000 -7.473604679 -6.265166283 8.080428123 -0.121700652 0.253728300 0.064048417 0.957449079
1403638602877829376.000000 -7.690774441 -6.342441082 8.055938721 -0.115439646 0.293704897 0.084423542 0.945136905
1403638602977829376.000000 -7.770061970 -6.383562565 8.016413689 -0.103709534 0.319170415 0.086463518 0.938029110
1403638603227829504.000000 -7.914941311 -6.443387032 7.898526669 -0.092979223 0.366956681 0.099563539 0.920209110
1403638604127829504.000000 -8.046224594 -6.248480797 7.462252140 -0.095836349 0.370858133 0.164294511 0.909003258
1403638604627829504.000000 -8.006024361 -6.039510250 6.991585255 -0.052163955 0.375458091 0.155391529 0.912230015
1403638605427829504.000000 -7.892405033 -5.766108990 6.163752556 -0.024363713 0.368875682 0.172232211 0.913057089
1403638605877829376.000000 -7.914043903 -5.614667892 5.736088753 -0.058812607 0.360812008 0.193754062 0.910392880
1403638606027829504.000000 -7.948866844 -5.571223259 5.564347267 -0.060347531 0.357448190 0.198763713 0.910539389
1403638606627829504.000000 -8.217453003 -5.241773605 4.796823025 -0.008814787 0.364266157 0.177033350 0.914271116
1403638606777829376.000000 -8.316817284 -5.126419544 4.623616695 0.002344028 0.377507448 0.182162747 0.907909334
1403638606927829504.000000 -8.431793213 -5.017421722 4.454123020 0.008084415 0.399967730 0.192065105 0.896142542
1403638607127829504.000000 -8.607055664 -4.896811962 4.247868538 0.010083506 0.439479470 0.195511952 0.876659095
1403638607577829376.000000 -9.063076973 -4.676859379 3.870669365 -0.019647278 0.479144931 0.182580367 0.858311474
1403638607927829504.000000 -9.390220642 -4.461000443 3.675542593 -0.017981596 0.479498357 0.178247303 0.859061062
1403638608227829504.000000 -9.646581650 -4.248386383 3.566372156 -0.031631358 0.474672228 0.176694036 0.861664057
1403638608427829504.000000 -9.800958633 -4.095301151 3.517008543 -0.047824755 0.473621905 0.174659505 0.861910164
1403638608527829504.000000 -9.869685173 -4.012959003 3.493119001 -0.045024641 0.472728521 0.176285893 0.862220287
1403638608627829504.000000 -9.933412552 -3.927367687 3.471432447 -0.046911087 0.473342508 0.173207372 0.862406790
1403638608727829504.000000 -9.990852356 -3.848549843 3.445805788 -0.050864078 0.475171864 0.169271260 0.861958146
1403638608827829504.000000 -10.043457031 -3.769749403 3.424151182 -0.046236850 0.474901408 0.171124160 0.862001956
1403638608927829504.000000 -10.087974548 -3.700212479 3.399792194 -0.039275605 0.474814922 0.173086226 0.862003148
1403638609027829504.000000 -10.128371239 -3.635583639 3.366056442 -0.032816414 0.475067735 0.172972053 0.862156808
1403638609127829504.000000 -10.164705276 -3.578949451 3.339570522 -0.030275408 0.474832207 0.173964262 0.862179935
1403638609177829376.000000 -10.183167458 -3.552269936 3.324828386 -0.030420972 0.475765258 0.171384588 0.862177074
1403638609277829376.000000 -10.217186928 -3.498111248 3.294612169 -0.030034177 0.479174703 0.161988482 0.862119079
1403638609377829376.000000 -10.245512009 -3.443259478 3.275506496 -0.029754162 0.478621721 0.162975118 0.862249970
1403638609427829504.000000 -10.255469322 -3.412194014 3.266920328 -0.030330332 0.477919817 0.164802700 0.862271905
1403638609477829376.000000 -10.267888069 -3.381043434 3.260276794 -0.030326057 0.476934165 0.166948557 0.862404943
1403638609527829504.000000 -10.276784897 -3.348834753 3.253476858 -0.030541362 0.476061463 0.168636858 0.862551033
1403638609627829504.000000 -10.295784950 -3.281609058 3.251841068 -0.030853551 0.475445747 0.170706853 0.862472355
1403638609727829504.000000 -10.309412003 -3.208371162 3.242441654 -0.032892756 0.473841041 0.174100846 0.862601697
1403638609827829504.000000 -10.321450233 -3.142730236 3.239613056 -0.031004367 0.474163085 0.173607409 0.862594068
1403638609927829504.000000 -10.329512596 -3.080102921 3.231472731 -0.032019984 0.474056661 0.173343807 0.862668514
1403638610077829376.000000 -10.337318420 -3.006841183 3.225755930 -0.037056975 0.475880235 0.168707818 0.862381876
1403638610227829504.000000 -10.338316917 -2.939081430 3.213933706 -0.044103485 0.476530999 0.165784180 0.862257898
1403638610427829504.000000 -10.320102692 -2.834653378 3.207846403 -0.046574254 0.477194458 0.162291840 0.862425447
1403638610627829504.000000 -10.284305573 -2.715743780 3.214319468 -0.063576393 0.478919178 0.156591177 0.861436963
1403638610777829376.000000 -10.236941338 -2.622834206 3.215443134 -0.056344744 0.479304314 0.158310324 0.861411929
1403638610977829376.000000 -10.143546104 -2.525954485 3.207264185 -0.043245971 0.479682535 0.163325652 0.861022174
1403638611377829376.000000 -9.902890205 -2.330943823 3.198485136 -0.053222977 0.479848951 0.167875916 0.859494030
1403638611727829504.000000 -9.638710976 -2.211129427 3.151134014 -0.053444330 0.469562232 0.189314604 0.860706091
1403638612027829504.000000 -9.402958870 -2.080046415 3.085512400 -0.032385271 0.473953217 0.173720047 0.862636030
1403638612427829504.000000 -9.075555801 -1.958552718 3.008832932 -0.031920604 0.472457379 0.173181221 0.863581717
1403638613277829376.000000 -8.370839119 -1.680650353 2.851924419 -0.040865801 0.460294574 0.177519768 0.868876100
1403638614177829376.000000 -7.573573589 -1.374748230 2.600107670 -0.048171807 0.398798674 0.143233597 0.904501677
1403638614627829504.000000 -7.103462219 -1.225427508 2.442242146 -0.036392335 0.349384695 0.120489188 0.928487062
1403638614877829376.000000 -6.829701424 -1.208507538 2.331207752 -0.017147990 0.316563785 0.093693048 0.943776965
1403638614977829376.000000 -6.710545063 -1.221161366 2.294071198 -0.012652049 0.295019805 0.085051857 0.951614141
1403638615127829504.000000 -6.529752254 -1.250406146 2.246765852 -0.014565017 0.253433138 0.074655809 0.964357853
1403638615227829504.000000 -6.403970242 -1.278804064 2.215247869 -0.024245698 0.220854342 0.071295209 0.972395241
1403638615327829504.000000 -6.275213718 -1.308684945 2.184833050 -0.030692944 0.188671231 0.063781522 0.979486108
1403638615427829504.000000 -6.146361351 -1.331490755 2.156051636 -0.034946606 0.156288221 0.053997152 0.985615075
1403638615527829504.000000 -6.024565220 -1.347741723 2.134988785 -0.036626831 0.125018090 0.043846734 0.990508139
1403638615727829504.000000 -5.771231651 -1.368981481 2.090897083 -0.038369652 0.083871745 0.028007539 0.995343626
1403638615927829504.000000 -5.530074120 -1.408939481 2.028801441 -0.038407955 0.059989218 0.016034957 0.997330964
1403638616327829504.000000 -5.036307812 -1.404283881 1.925287127 -0.035718545 -0.006418783 -0.011055372 0.999280095
1403638616527829504.000000 -4.782404900 -1.330297112 1.904074073 -0.031950172 -0.042575426 -0.028041689 0.998188436
1403638616677829376.000000 -4.599676132 -1.263715863 1.891154766 -0.020760519 -0.059170324 -0.035894401 0.997386336
1403638616777829376.000000 -4.480859280 -1.217751145 1.884048462 -0.004768005 -0.062112667 -0.046304777 0.996983051
1403638616827829504.000000 -4.419498444 -1.194121003 1.881603479 0.001777708 -0.062171314 -0.051373627 0.996740818
1403638616927829504.000000 -4.293509483 -1.149289727 1.883508801 0.005727672 -0.063221686 -0.053858370 0.996528745
1403638617077829376.000000 -4.096140862 -1.102461815 1.886416554 -0.004385056 -0.066996910 -0.041838054 0.996865988
1403638617277829376.000000 -3.837436914 -1.076085091 1.897608042 -0.005909361 -0.067211747 -0.027776895 0.997334480
1403638617477829376.000000 -3.576339245 -1.083375454 1.913506746 0.006015599 -0.063106380 -0.023180626 0.997719407
1403638617677829376.000000 -3.325380325 -1.132331729 1.942014813 0.004752770 -0.060248375 -0.016799645 0.998030722
1403638617877829376.000000 -3.083770037 -1.221558809 1.981369495 0.001746600 -0.057938091 -0.011003245 0.998257995
1403638617977829376.000000 -2.970369101 -1.277954578 2.005224466 0.000100546 -0.056139458 -0.011580775 0.998355746
1403638618177829376.000000 -2.746412277 -1.378095627 2.071866274 -0.000269541 -0.052576210 -0.012111373 0.998543441
1403638618477829376.000000 -2.432675362 -1.501961708 2.215086937 -0.001610152 -0.050205041 -0.008864447 0.998698294
1403638618677829376.000000 -2.236371994 -1.580635071 2.335897207 -0.003505880 -0.055606313 -0.008038814 0.998414278
1403638619177829376.000000 -1.793568254 -1.835662246 2.666205645 -0.022058750 -0.112368435 -0.026336618 0.993072569
1403638619577829376.000000 -1.480697870 -1.937736154 2.996682405 -0.030950153 -0.198060900 -0.070937432 0.977129400
1403638620327829504.000000 -0.930374622 -2.010796070 3.480832815 -0.043672241 -0.220513284 -0.097762704 0.969489098
1403638628177829376.000000 0.218692124 -0.196123093 -0.009438450 -0.009893526 -0.199405238 -0.058968239 0.978091180
1403638628377829376.000000 0.202913195 -0.167810768 -0.030045453 -0.008269372 -0.199541226 -0.061466828 0.977924705
1403638629427829504.000000 0.140785456 -0.089425549 -0.090617418 -0.014592385 -0.200642645 -0.063498445 0.977495551
1403638630227829504.000000 0.125247747 -0.034080569 -0.043742027 -0.035730850 -0.203419834 -0.064633980 0.976302266
1403638630327829504.000000 0.123831213 0.006543580 -0.039425429 -0.027871402 -0.203419119 -0.065491050 0.976501286
1403638631477829376.000000 0.154408053 -0.004781528 0.030765858 0.008805457 -0.190126091 -0.063439101 0.979668319
