1403638127295097088.000000 0.000000000 0.000000000 0.000000000 0.000000000 0.000000000 0.000000000 1.000000000
1403638130195097088.000000 -0.022688601 -0.227191761 -0.104217350 -0.012466869 0.022676563 -0.018421808 0.999495387
1403638130245096960.000000 -0.024194939 -0.246594682 -0.112348683 -0.012512394 0.025463840 -0.016226660 0.999465704
1403638130445096960.000000 -0.027309772 -0.327898175 -0.142088220 -0.029224994 0.036446199 -0.035839312 0.998265088
1403638130895097088.000000 -0.033252325 -0.481310904 -0.210925281 -0.049500596 0.049670998 -0.051503677 0.996207714
1403638131945096960.000000 -0.006903952 -0.182400420 -0.105826490 -0.032697450 0.019458085 0.005899656 0.999258459
1403638133895097088.000000 0.253229320 -0.238954395 -0.169202864 -0.036930278 -0.070951290 -0.055886898 0.995227993
1403638136545096960.000000 0.240753695 -0.253108889 -0.169051126 -0.016143104 -0.141699195 -0.056035545 0.988190651
1403638137545096960.000000 -0.038326900 -0.132814154 -0.055535022 0.001624342 -0.068427898 -0.050007433 0.996400654
1403638137695097088.000000 -0.046896696 -0.094300255 -0.038434263 0.009758959 -0.078954607 -0.036484782 0.996162534
1403638137845096960.000000 -0.050937291 -0.069289230 -0.030123388 0.012698303 -0.085877366 -0.037706185 0.995510936
1403638137945096960.000000 -0.053032339 -0.055728693 -0.027277002 0.028556220 -0.088346921 -0.028090488 0.995284021
1403638138095097088.000000 -0.055622354 -0.045527458 -0.023824254 0.036175884 -0.087356396 -0.020058904 0.995317936
1403638138395097088.000000 -0.055308215 -0.044604920 -0.022580303 0.006387056 -0.091082282 -0.032517862 0.995291829
1403638151195097088.000000 -0.495086193 -0.721667528 0.507641852 -0.028587110 0.022046048 0.031376384 0.998855472
1403638151545096960.000000 -0.677112281 -0.766433775 0.640205860 -0.027475320 0.103537209 0.058169328 0.992542922
1403638151845096960.000000 -0.848847866 -0.853316963 0.734988868 -0.027247278 0.139698997 0.072687007 0.987146556
1403638152795097088.000000 -1.507223725 -1.097545981 1.055923223 -0.023174403 0.147878096 0.079996161 0.985492587
1403638153045096960.000000 -1.716528296 -1.173786521 1.130242467 -0.027829753 0.182149142 0.085047595 0.979190528
1403638153295097088.000000 -1.931509972 -1.261970997 1.205773115 -0.018357966 0.205442235 0.097975917 0.973579586
1403638153545096960.000000 -2.157124281 -1.333464146 1.297394753 -0.017277179 0.232656881 0.123374164 0.964547098
1403638153695097088.000000 -2.298539639 -1.392875433 1.349461794 -0.018693702 0.256460100 0.138954952 0.956331670
1403638153895097088.000000 -2.511356831 -1.463848472 1.419195056 -0.025293268 0.288142502 0.144468844 0.946289003
1403638154095097088.000000 -2.731497049 -1.516746044 1.499319911 -0.033416834 0.304529816 0.141938880 0.941274822
1403638154395097088.000000 -3.071436405 -1.554986238 1.624705434 -0.056338333 0.308609456 0.139537081 0.939210117
1403638154595097088.000000 -3.293800116 -1.560562968 1.686263561 -0.060075343 0.310170799 0.134632096 0.939180076
1403638154895097088.000000 -3.606134653 -1.585553765 1.720665097 -0.044934258 0.324936986 0.152790472 0.932229578
1403638155145096960.000000 -3.877941847 -1.641263723 1.702092290 -0.049447004 0.347667545 0.166035473 0.921474099
1403638155345096960.000000 -4.099826813 -1.670153022 1.680906057 -0.058559593 0.365132481 0.167834714 0.913827419
1403638155545096960.000000 -4.317737103 -1.665072799 1.651540518 -0.065780319 0.387147337 0.173943013 0.903069079
1403638155745096960.000000 -4.524487495 -1.630934000 1.597251177 -0.067416109 0.425021619 0.169755161 0.886563540
1403638155895097088.000000 -4.664826393 -1.587496281 1.546504617 -0.060606942 0.455029249 0.178093284 0.870378077
1403638156095097088.000000 -4.836000443 -1.533690095 1.467801213 -0.035309892 0.496392429 0.203293905 0.843219638
1403638156295097088.000000 -5.001444340 -1.510692120 1.376041532 -0.021553993 0.531821489 0.218625441 0.817865670
1403638156545096960.000000 -5.212161064 -1.486230969 1.270410776 -0.009491041 0.554081917 0.230279207 0.799921632
1403638156895097088.000000 -5.529858589 -1.406412005 1.184276104 -0.008542294 0.556848705 0.232969835 0.797227442
1403638157645096960.000000 -6.342546940 -1.375210524 1.079790711 -0.025355063 0.564880729 0.241060361 0.788769186
1403638157895097088.000000 -6.634056568 -1.376110792 1.043161869 -0.037039354 0.602277040 0.253106892 0.756192684
1403638158295097088.000000 -7.097131729 -1.397929192 0.960255444 -0.022386914 0.645219505 0.258130133 0.718720675
1403638158845096960.000000 -7.712903023 -1.345265508 0.898866534 -0.024509989 0.644866228 0.262921691 0.717230082
1403638159195097088.000000 -8.102758408 -1.357203603 0.830810487 0.008250623 0.633094847 0.279915601 0.721643984
1403638159395097088.000000 -8.350013733 -1.369586706 0.810307741 -0.006310459 0.638707936 0.262002021 0.723441303
1403638159645096960.000000 -8.663677216 -1.403836012 0.789198995 -0.026223768 0.658033907 0.208902493 0.722954631
1403638159745096960.000000 -8.773644447 -1.433137774 0.790266454 -0.023513965 0.662430406 0.198083222 0.722077668
1403638159995097088.000000 -9.007593155 -1.542030692 0.807404757 -0.046878036 0.655350387 0.219520897 0.721199632
1403638160245096960.000000 -9.176760674 -1.704597592 0.824701190 -0.033737816 0.646987140 0.248628348 0.720037043
1403638160495097088.000000 -9.331916809 -1.899302840 0.824692667 -0.015869841 0.640420556 0.267561167 0.719736576
1403638160745096960.000000 -9.495625496 -2.075561047 0.837866604 -0.014689106 0.641482055 0.264025420 0.720121920
1403638160995097088.000000 -9.670455933 -2.230458260 0.865316510 -0.029582798 0.637565494 0.225718215 0.735993445
1403638161245096960.000000 -9.812605858 -2.387445688 0.937533021 -0.033596709 0.598772764 0.214147285 0.771027446
1403638161495097088.000000 -9.920631409 -2.530813217 1.020525098 -0.021238610 0.549975097 0.214002550 0.807018697
1403638161795097088.000000 -10.052809715 -2.674032688 1.136894226 -0.012816675 0.528062463 0.203430563 0.824379623
1403638162095097088.000000 -10.184490204 -2.798667669 1.291988134 -0.021866919 0.509713411 0.189987779 0.838819802
1403638162545096960.000000 -10.358089447 -3.030620575 1.558442593 -0.014092584 0.503684521 0.180821761 0.844634116
1403638162895097088.000000 -10.476722717 -3.256828308 1.799205899 -0.014804470 0.498224467 0.185582444 0.846824884
1403638163195097088.000000 -10.566537857 -3.488639593 2.025501728 -0.029219540 0.486406624 0.163639680 0.857774377
1403638163495097088.000000 -10.620145798 -3.627563238 2.312141657 -0.035274111 0.441407651 0.162641972 0.881738424
1403638163795097088.000000 -10.647052765 -3.795128345 2.578900814 -0.036899202 0.419490546 0.157054901 0.893308401
1403638164095097088.000000 -10.650817871 -4.022024155 2.803906679 -0.028459813 0.421854079 0.145476758 0.894463897
1403638164245096960.000000 -10.640498161 -4.149780750 2.911227465 -0.029018668 0.425840646 0.140399560 0.893367589
1403638164345096960.000000 -10.629002571 -4.232110977 2.988919973 -0.030532800 0.428663701 0.137469724 0.892422140
1403638164445096960.000000 -10.609691620 -4.305953503 3.071781397 -0.032075144 0.430649877 0.137124598 0.891464353
1403638164545096960.000000 -10.587339401 -4.378841400 3.155620337 -0.030053070 0.432681024 0.134559005 0.890942097
1403638164645096960.000000 -10.559308052 -4.447859764 3.247262716 -0.027962323 0.432405204 0.131679103 0.891574144
1403638164695097088.000000 -10.542719841 -4.478188515 3.296152353 -0.028683983 0.429432601 0.131932303 0.892949462
1403638164795097088.000000 -10.508074760 -4.542544365 3.397251368 -0.037162773 0.420901775 0.137375548 0.895873070
1403638164845096960.000000 -10.491090775 -4.573999405 3.449190140 -0.044039950 0.415693521 0.142767519 0.897149265
1403638164895097088.000000 -10.465353012 -4.604028225 3.494019270 -0.050650075 0.410791874 0.147923633 0.898222268
1403638164945096960.000000 -10.446528435 -4.630598545 3.541575193 -0.054757424 0.407166064 0.150563702 0.899192929
1403638164995097088.000000 -10.425573349 -4.658638477 3.589164019 -0.057799920 0.405858725 0.147146150 0.900158823
1403638165145096960.000000 -10.351253510 -4.733322144 3.731950998 -0.054502532 0.401719928 0.128260568 0.905096591
1403638165345096960.000000 -10.235765457 -4.804201126 3.918598652 -0.028165953 0.388907939 0.128978774 0.911768496
1403638165495097088.000000 -10.138644218 -4.852553368 4.063074589 -0.031634714 0.384249806 0.123714186 0.914355576
1403638165645096960.000000 -10.038643837 -4.893662930 4.218147278 -0.056900453 0.379916102 0.122382380 0.915122211
1403638165895097088.000000 -9.837886810 -4.930471420 4.459875584 -0.060713001 0.374344528 0.131668091 0.915884078
1403638166245096960.000000 -9.532524109 -5.023862362 4.728132248 -0.035841133 0.370295405 0.154326811 0.915303171
1403638166795097088.000000 -9.095519066 -5.373753071 5.002070427 -0.026493000 0.380584747 0.151120931 0.911929727
1403638167395097088.000000 -8.722158432 -5.678030968 5.406533241 0.001668461 0.376079381 0.163476482 0.912050962
1403638167795097088.000000 -8.570466042 -5.942480564 5.763519287 -0.011085753 0.374236792 0.125494346 0.918735623
1403638168195097088.000000 -8.395111084 -6.179058075 6.212196827 -0.015629256 0.326274723 0.095187292 0.940340340
1403638168395097088.000000 -8.280031204 -6.335886955 6.447622299 -0.021126520 0.292615831 0.092097178 0.951550186
1403638168545096960.000000 -8.194561958 -6.456428051 6.629683495 -0.019683918 0.267403066 0.102321155 0.957934499
1403638168745096960.000000 -8.081849098 -6.598445892 6.880487919 -0.011847045 0.245508760 0.120261453 0.961832762
1403638168945096960.000000 -7.994243622 -6.724100590 7.141404152 -0.007565376 0.240838423 0.124775715 0.962481499
1403638169095097088.000000 -7.949628830 -6.803748131 7.343409061 -0.018422740 0.245765150 0.120783374 0.961598396
1403638169195097088.000000 -7.931046486 -6.852667332 7.483584404 -0.024085021 0.252688497 0.111826301 0.960761845
1403638169295097088.000000 -7.909750938 -6.900166512 7.622725964 -0.027819373 0.258599669 0.095719442 0.960827827
1403638169395097088.000000 -7.890797615 -6.940752029 7.763226032 -0.034107693 0.260085285 0.071232125 0.962350368
1403638169445096960.000000 -7.875017166 -6.961418152 7.834433079 -0.037871260 0.258082330 0.061085436 0.963445842
1403638169495097088.000000 -7.863531113 -6.977836132 7.907321930 -0.041050285 0.252966613 0.053341448 0.965130806
1403638169645096960.000000 -7.799042702 -7.052297115 8.115390778 -0.047454905 0.228216946 0.044283055 0.971444309
1403638169845096960.000000 -7.693229675 -7.163086414 8.377194405 -0.049365312 0.174768165 0.054945327 0.981835127
1403638170045096960.000000 -7.573599815 -7.304169655 8.612813950 -0.067505635 0.118987814 0.056394685 0.988991678
1403638170195097088.000000 -7.483138084 -7.387142658 8.774545670 -0.072625160 0.085956514 0.035016250 0.993031204
1403638170395097088.000000 -7.368426323 -7.466293812 8.966125488 -0.064647950 0.042964507 0.001696295 0.996981323
1403638170595097088.000000 -7.244568348 -7.526210308 9.132540703 -0.062334217 0.004018466 -0.032416135 0.997520685
1403638170795097088.000000 -7.088604450 -7.599349976 9.269437790 -0.070122197 -0.036344137 -0.053937480 0.995415866
1403638170995097088.000000 -6.912270069 -7.667952061 9.363721848 -0.069195375 -0.078938708 -0.065820277 0.992294490
1403638171245096960.000000 -6.663137913 -7.707389355 9.452801704 -0.074909329 -0.114631861 -0.082187809 0.987164259
1403638171495097088.000000 -6.401871204 -7.717204094 9.496743202 -0.080616854 -0.131271243 -0.091680780 0.983800530
1403638171695097088.000000 -6.167255878 -7.692357063 9.492202759 -0.087928407 -0.142858163 -0.104215175 0.980305731
1403638171895097088.000000 -5.917504787 -7.656476498 9.448921204 -0.095371746 -0.158949196 -0.118304878 0.975522101
1403638172145096960.000000 -5.577450275 -7.607721329 9.300367355 -0.099156141 -0.177793860 -0.112802207 0.972539485
1403638172445096960.000000 -5.143788815 -7.470687389 9.047652245 -0.097382829 -0.182405412 -0.109682158 0.972221494
1403638172645096960.000000 -4.849761486 -7.312489986 8.847326279 -0.104258865 -0.177162617 -0.113314882 0.972061336
1403638172845096960.000000 -4.549754620 -7.113842487 8.615390778 -0.104322612 -0.170440078 -0.115800127 0.972963154
1403638173095097088.000000 -4.157771111 -6.807980537 8.267743111 -0.092541799 -0.157458052 -0.124074176 0.975319743
1403638173295097088.000000 -3.819830656 -6.530345440 7.959350586 -0.078810878 -0.156893492 -0.115600899 0.977655232
1403638173495097088.000000 -3.472996950 -6.201450825 7.651158333 -0.067051925 -0.168626994 -0.086846769 0.979554296
1403638173645096960.000000 -3.214128733 -5.951310635 7.415066719 -0.063369237 -0.173832312 -0.077062689 0.979708135
1403638173795097088.000000 -2.950364590 -5.702016830 7.162370682 -0.060095720 -0.174700215 -0.077279963 0.979742885
1403638173945096960.000000 -2.694860935 -5.439112663 6.914983273 -0.059156448 -0.175537094 -0.077537574 0.979630113
1403638174095097088.000000 -2.459179878 -5.188199043 6.661329746 -0.057988342 -0.175929427 -0.078879133 0.979522467
1403638174245096960.000000 -2.222848892 -4.951104164 6.409695148 -0.048178639 -0.176666096 -0.077058740 0.980066240
1403638174395097088.000000 -1.995020270 -4.705283642 6.161421299 -0.035907302 -0.174797967 -0.079530463 0.980729938
1403638174545096960.000000 -1.770957708 -4.457386971 5.918984890 -0.027595529 -0.173130274 -0.080499575 0.981215656
1403638174645096960.000000 -1.621731877 -4.298239708 5.763774872 -0.019950312 -0.174196094 -0.076512083 0.981531262
1403638174795097088.000000 -1.401965499 -4.067790508 5.535206795 -0.009646733 -0.174756289 -0.073380031 0.981826127
1403638174945096960.000000 -1.192904353 -3.878326893 5.314934731 -0.003989151 -0.176590577 -0.071133569 0.981702566
1403638175045096960.000000 -1.047391653 -3.749639511 5.175495625 -0.005486764 -0.177726239 -0.069594599 0.981600642
1403638175245096960.000000 -0.762361050 -3.530167341 4.913099289 -0.004932526 -0.181739762 -0.067607060 0.981007457
1403638175395097088.000000 -0.545349956 -3.391248941 4.725455761 0.008513719 -0.183219969 -0.066600993 0.980776370
1403638175645096960.000000 -0.215288132 -3.222304106 4.457175732 0.041915685 -0.185135290 -0.064294100 0.979711294
1403638175895097088.000000 0.097124577 -3.112045765 4.270990372 0.060068164 -0.184367031 -0.062909149 0.979001045
1403638176145096960.000000 0.431599408 -3.006337643 4.195948124 0.027450100 -0.189970583 -0.038097803 0.980666220
1403638176395097088.000000 0.715386450 -2.969627142 4.186661243 -0.019361623 -0.190753460 -0.039715603 0.980643094
1403638176845096960.000000 1.122466207 -2.967468739 4.179286957 -0.016369978 -0.191830456 -0.042077798 0.980388999
1403638177295097088.000000 1.395601153 -3.003754616 4.225026131 -0.011388981 -0.195014358 -0.036279466 0.980063021
1403638177695097088.000000 1.545020223 -2.982705593 4.356382847 -0.017139344 -0.186122492 -0.069291033 0.979930282
1403638177995097088.000000 1.643260837 -2.955921412 4.481323719 -0.045723289 -0.188417614 -0.088431112 0.977030277
1403638178495097088.000000 1.850010753 -2.974459410 4.539949894 -0.053820588 -0.264350772 -0.112224475 0.956361711
1403638178695097088.000000 1.936599612 -2.967418671 4.524382114 -0.040946219 -0.306666523 -0.140774786 0.940458119
1403638178945096960.000000 2.056547165 -2.914769411 4.490729809 -0.029255809 -0.353081703 -0.161406502 0.921100080
1403638179145096960.000000 2.164322376 -2.859257936 4.463430882 -0.009722470 -0.372877747 -0.166768461 0.912719011
1403638179445096960.000000 2.358813047 -2.755128384 4.434144020 -0.002723350 -0.410803616 -0.170970663 0.895545661
1403638179695097088.000000 2.548486233 -2.669126034 4.428609848 -0.024726816 -0.458772004 -0.186504230 0.868408322
1403638179895097088.000000 2.703458071 -2.622300863 4.405484200 -0.025372833 -0.498905331 -0.201081410 0.842624485
1403638180095097088.000000 2.856997013 -2.586210251 4.366065025 -0.013647743 -0.521733522 -0.220409364 0.824031293
1403638180345096960.000000 3.055509567 -2.544349194 4.319098949 -0.010266922 -0.533443093 -0.227747664 0.814533055
1403638180545096960.000000 3.234670639 -2.491009712 4.280162334 -0.004833424 -0.536598146 -0.221847966 0.814139128
1403638180645096960.000000 3.323760509 -2.461040735 4.267335415 -0.000537960 -0.536503851 -0.219158739 0.814943433
1403638180895097088.000000 3.564522982 -2.423841000 4.229020596 0.008402549 -0.528952837 -0.222026750 0.819049716
1403638180995097088.000000 3.669736385 -2.413395405 4.211072445 0.004886649 -0.525915921 -0.222730234 0.820840895
1403638181095097088.000000 3.778414965 -2.398712873 4.202322006 0.001167006 -0.523391128 -0.222833529 0.822438836
1403638181195097088.000000 3.894920111 -2.382857800 4.190807819 -0.004939022 -0.521032810 -0.223666623 0.823695123
1403638181345096960.000000 4.072898865 -2.349119663 4.181093693 -0.023299310 -0.525584280 -0.225300610 0.820035338
1403638181545096960.000000 4.319280624 -2.286327600 4.152113438 -0.050933838 -0.549260199 -0.237984598 0.799426198
1403638181845096960.000000 4.668074608 -2.186496258 4.052663326 -0.042299375 -0.608721375 -0.241854593 0.754437149
1403638182195097088.000000 5.033423901 -2.123611450 3.861333132 -0.013260939 -0.643407702 -0.267104536 0.717290640
1403638182595097088.000000 5.464318752 -2.068316221 3.609443903 0.005633917 -0.646071911 -0.275693953 0.711724818
1403638182895097088.000000 5.840764523 -2.066794872 3.402442217 0.004998986 -0.642809331 -0.268865585 0.717274308
1403638183045096960.000000 6.040908337 -2.056084633 3.307282209 -0.006464065 -0.643664062 -0.260988027 0.719402552
1403638183145096960.000000 6.174701214 -2.043546200 3.243210077 -0.008642830 -0.645712554 -0.251696259 0.720853388
1403638183245096960.000000 6.302818298 -2.029672146 3.187628746 -0.004702928 -0.645875037 -0.248099640 0.721990228
1403638183395097088.000000 6.500094891 -1.997812152 3.106799841 0.005942944 -0.641843259 -0.255690962 0.722927451
1403638183545096960.000000 6.705141544 -1.958613873 3.041517973 0.018212257 -0.639814317 -0.259370983 0.723209977
1403638183745096960.000000 6.990262032 -1.913635731 2.959079981 0.007391215 -0.643692732 -0.250207394 0.723188281
1403638183845096960.000000 7.137364388 -1.902604103 2.920655727 0.000677133 -0.648013651 -0.238830999 0.723213375
1403638183895097088.000000 7.210197449 -1.902924299 2.900758982 -0.002556385 -0.649380684 -0.236124933 0.722871482
1403638183945096960.000000 7.281835556 -1.902986765 2.883830786 -0.003835120 -0.649899542 -0.234996736 0.722767234
1403638184045096960.000000 7.423615456 -1.908797026 2.849880219 -0.003069656 -0.649473727 -0.237431452 0.722357750
1403638184195097088.000000 7.631322861 -1.926615119 2.802896976 0.007359135 -0.645753324 -0.249015316 0.721761644
1403638184295097088.000000 7.771261215 -1.932283044 2.778107882 0.010713659 -0.644655526 -0.253282249 0.721216083
1403638184395097088.000000 7.914094925 -1.937327504 2.756010532 0.007382685 -0.646318674 -0.250246942 0.720828772
1403638184495097088.000000 8.056762695 -1.939996719 2.742170334 0.004323549 -0.648650706 -0.245366842 0.720436454
1403638184645096960.000000 8.276879311 -1.941001892 2.725074530 -0.000289837 -0.649988055 -0.243278742 0.719951987
1403638184795097088.000000 8.490947723 -1.952881217 2.716231823 -0.001442182 -0.650085211 -0.243999958 0.719618797
1403638184995097088.000000 8.771834373 -1.973015785 2.710437775 -0.001697853 -0.651680470 -0.241934702 0.718872249
1403638185145096960.000000 8.978868484 -1.992352605 2.712023497 0.000515108 -0.651272953 -0.242494628 0.719054639
1403638185395097088.000000 9.321539879 -2.033280134 2.730559826 0.006121084 -0.653523088 -0.231883705 0.720485985
1403638185695097088.000000 9.708040237 -2.105280638 2.794536829 -0.001334066 -0.635172963 -0.207949892 0.743848324
1403638185995097088.000000 10.054634094 -2.192456961 2.894567966 -0.024693348 -0.601835847 -0.244961277 0.759722233
1403638186545096960.000000 10.682178497 -2.309648752 3.060095310 -0.004293734 -0.605474770 -0.228695035 0.762286305
1403638186895097088.000000 11.080073357 -2.386749029 3.183785915 0.010283721 -0.604278922 -0.207836151 0.769119859
1403638187195097088.000000 11.407917976 -2.475234747 3.346201658 -0.012040580 -0.551796198 -0.193072602 0.811232984
1403638187545096960.000000 11.738547325 -2.658492565 3.519301414 -0.037304264 -0.489074498 -0.161779702 0.856295407
1403638187945096960.000000 12.045226097 -2.848536253 3.705747843 -0.018111812 -0.477231830 -0.150454223 0.865612626
1403638188295097088.000000 12.244581223 -2.965166569 3.902316570 -0.040780008 -0.490069449 -0.130752236 0.860855818
1403638188745096960.000000 12.311083794 -3.061571121 4.181114674 -0.080031380 -0.480898172 -0.136040762 0.862452805
1403638189245096960.000000 12.043942451 -3.221908808 4.255346298 -0.058307059 -0.432511687 -0.138744935 0.888979077
1403638189595097088.000000 11.768748283 -3.313406467 4.277375698 -0.017717412 -0.379670441 -0.138671443 0.914498031
1403638189945096960.000000 11.516076088 -3.392848730 4.312565804 0.008357688 -0.362619281 -0.149851546 0.919772744
1403638190695097088.000000 11.122435570 -3.439712048 4.515812397 -0.029458910 -0.359135091 -0.088507846 0.928612173
1403638191145096960.000000 10.759299278 -3.496002197 4.637604237 -0.039218899 -0.339819700 -0.108051084 0.933439553
1403638191545096960.000000 10.404637337 -3.610006332 4.714205265 -0.011226549 -0.338423848 -0.118063480 0.933490396
1403638191945096960.000000 10.076495171 -3.670934200 4.842929840 -0.005653067 -0.345373273 -0.106156953 0.932424843
1403638192345096960.000000 9.759736061 -3.787716150 5.026983738 -0.023513982 -0.343164444 -0.108667925 0.932671726
1403638192745096960.000000 9.408953667 -4.035483837 5.153523445 -0.052871946 -0.344887823 -0.103906021 0.931375563
1403638193145096960.000000 9.009188652 -4.220445156 5.238754749 -0.093557321 -0.327886015 -0.117014639 0.932762206
1403638193395097088.000000 8.730770111 -4.307139874 5.182781219 -0.068022080 -0.314993918 -0.101873495 0.941155493
1403638193645096960.000000 8.429491043 -4.376241207 5.083592415 -0.061599597 -0.309793591 -0.094246939 0.944113851
1403638193945096960.000000 8.055684090 -4.410821915 4.934206009 -0.032729048 -0.304095358 -0.104814000 0.946292162
1403638194445096960.000000 7.442793846 -4.366903782 4.702179432 -0.039272662 -0.306770593 -0.106890678 0.944946468
1403638194695097088.000000 7.142781734 -4.346085548 4.559273243 -0.019735264 -0.305667102 -0.113359980 0.945160091
1403638194995097088.000000 6.806931019 -4.319697857 4.410221100 -0.003341149 -0.306854695 -0.115302697 0.944740355
1403638195295097088.000000 6.506969929 -4.259052277 4.326987267 0.019173868 -0.303395391 -0.124351673 0.944521189
1403638195745096960.000000 6.163133144 -4.172280788 4.301138401 -0.012824040 -0.306367397 -0.115657367 0.944774032
1403638196545096960.000000 5.760470867 -4.245765686 4.367571831 -0.012074446 -0.305249423 -0.116506085 0.945041418
1403638197545096960.000000 5.573528767 -4.416172981 4.686217308 -0.027117187 -0.315801710 -0.092129603 0.943952382
1403638197945096960.000000 5.478890419 -4.588450432 4.801322937 -0.043132085 -0.312309086 -0.095689043 0.944164336
1403638198545096960.000000 5.253382683 -4.540305138 5.032808781 -0.029165167 -0.313864559 -0.088012122 0.944929779
1403638198895097088.000000 5.051169395 -4.461448193 5.174148083 -0.028210253 -0.330065995 -0.039103314 0.942725599
1403638199195097088.000000 4.754061699 -4.477108479 5.293008327 -0.028127585 -0.326734275 -0.049927186 0.943377376
1403638199445096960.000000 4.430565357 -4.551951885 5.382438660 -0.034480255 -0.328113139 -0.047250677 0.942825675
1403638199745096960.000000 3.941294670 -4.699799538 5.474453449 -0.026670216 -0.310342431 -0.049332779 0.948969185
1403638200095097088.000000 3.273068666 -4.890929699 5.616998672 -0.026095210 -0.274949998 -0.068887413 0.958632410
1403638200295097088.000000 2.883633375 -4.994758606 5.710230350 -0.039743677 -0.251429826 -0.045348305 0.965995371
1403638200545096960.000000 2.367604733 -5.119333267 5.810084343 -0.046002131 -0.221223757 -0.016328719 0.974000633
1403638200895097088.000000 1.540861249 -5.363564491 5.910866261 -0.032093775 -0.187742665 0.008099969 0.981660366
1403638201145096960.000000 0.923467934 -5.493165016 6.002171993 -0.037805960 -0.168722242 -0.020603284 0.984722793
1403638201445096960.000000 0.171965376 -5.584471226 6.117026329 -0.041311797 -0.170754164 -0.026493516 0.984090686
1403638201645096960.000000 -0.321768403 -5.611876488 6.193689346 -0.046221722 -0.174216866 -0.025969366 0.983278990
1403638201895097088.000000 -0.950688422 -5.615887165 6.290087700 -0.046352349 -0.174741372 -0.029228998 0.983088315
1403638202145096960.000000 -1.580804825 -5.617541313 6.354135990 -0.041194964 -0.152078658 -0.035417877 0.986874163
1403638203095097088.000000 -3.854960442 -5.570400715 6.647163868 -0.032059599 -0.133007124 -0.047516190 0.989456177
1403638203195097088.000000 -4.053229332 -5.570279121 6.667325974 -0.036392845 -0.134100601 -0.043529652 0.989342093
1403638203445096960.000000 -4.569118500 -5.577789307 6.724133492 -0.044693299 -0.133571297 -0.044779114 0.989017725
1403638203545096960.000000 -4.764945507 -5.573191643 6.742598057 -0.043613032 -0.132705927 -0.046687365 0.989094198
1403638203745096960.000000 -5.146100044 -5.561534405 6.763429165 -0.041934740 -0.131236002 -0.049662754 0.989217997
1403638203845096960.000000 -5.328133106 -5.563858509 6.771469593 -0.041969799 -0.131266996 -0.047729418 0.989307523
1403638204095097088.000000 -5.770650387 -5.589055061 6.768970013 -0.038243167 -0.128073826 -0.048366323 0.989846051
1403638204245096960.000000 -6.022713661 -5.621335983 6.749427795 -0.031427138 -0.123267494 -0.057674699 0.990197480
1403638204395097088.000000 -6.259923935 -5.661760807 6.726591587 -0.020709408 -0.115999304 -0.077637680 0.989993751
1403638204845096960.000000 -6.832711220 -5.725053310 6.700621128 -0.023498505 -0.097198844 -0.051197588 0.993669450
1403638205195097088.000000 -7.196824074 -5.682128429 6.743293762 -0.033022616 0.004401531 0.020520732 0.999234200
1403638205295097088.000000 -7.300353527 -5.680162430 6.746900082 -0.036375549 0.050264224 0.039080925 0.997307897
1403638205345096960.000000 -7.367187023 -5.681845665 6.741835117 -0.038991723 0.072805949 0.047433469 0.995454192
1403638205445096960.000000 -7.472600937 -5.692036629 6.737148285 -0.046048257 0.115753822 0.067493774 0.989911735
1403638205545096960.000000 -7.590084076 -5.700599194 6.736158848 -0.054029986 0.145106450 0.091161609 0.983724773
1403638205645096960.000000 -7.695255280 -5.718534470 6.722753048 -0.065020218 0.163419679 0.112345092 0.977980018
1403638205745096960.000000 -7.805398464 -5.741841793 6.698671341 -0.074857086 0.177088350 0.127182767 0.973067641
1403638205795097088.000000 -7.862452984 -5.751799107 6.680695534 -0.076722518 0.185323909 0.131633490 0.970794201
1403638205945096960.000000 -8.052886009 -5.783162117 6.620454788 -0.075604729 0.215332389 0.141203895 0.963315785
1403638206145096960.000000 -8.318680763 -5.837520123 6.494738102 -0.072396643 0.264238536 0.149644598 0.950022757
1403638206895097088.000000 -9.293787003 -5.825006485 5.854300022 -0.072824240 0.363673747 0.143812612 0.917472601
1403638207145096960.000000 -9.563584328 -5.717112064 5.631317616 -0.079659656 0.374059528 0.141324207 0.913105309
1403638207645096960.000000 -9.948901176 -5.394963264 5.125987053 -0.075306676 0.436765343 0.160044923 0.882015049
1403638208345096960.000000 -10.184270859 -5.072324276 4.323298931 -0.048393577 0.459186584 0.169981629 0.870581388
1403638208745096960.000000 -10.233632088 -4.867830276 3.915525436 -0.038197640 0.480977297 0.182161316 0.856749117
1403638208995097088.000000 -10.240088463 -4.779152870 3.671595812 -0.042132016 0.496824861 0.188299268 0.846128464
1403638209145096960.000000 -10.237220764 -4.708092213 3.539246082 -0.041898895 0.501399159 0.189506546 0.843167007
1403638209295097088.000000 -10.229467392 -4.626915932 3.425353765 -0.040290929 0.504164517 0.188495517 0.841821969
1403638209545096960.000000 -10.196680069 -4.472233772 3.246649027 -0.041767210 0.506308317 0.184744909 0.841294706
1403638209845096960.000000 -10.140272141 -4.174699783 3.098025560 -0.044806723 0.502813041 0.186831325 0.842772484
1403638210495097088.000000 -9.877442360 -3.415354490 2.856976032 -0.065820292 0.504937708 0.175585523 0.842540979
1403638211495097088.000000 -8.969117165 -2.442474842 2.418566942 -0.041154426 0.488281280 0.174384624 0.854094684
1403638212645096960.000000 -7.423066139 -1.750167370 2.094090223 -0.038596269 0.232737333 0.065331787 0.969574869
1403638212795097088.000000 -7.196106434 -1.731079578 2.051248550 -0.038583800 0.193868950 0.053188823 0.978824317
1403638212895097088.000000 -7.038035870 -1.722324610 2.015558481 -0.037318323 0.167080775 0.041535880 0.984360754
1403638212995097088.000000 -6.868939400 -1.722348213 1.989664793 -0.035794321 0.139283210 0.031350225 0.989108741
1403638213045096960.000000 -6.792105198 -1.723433256 1.968988776 -0.036156714 0.124048963 0.025201024 0.991296828
1403638213095097088.000000 -6.703451633 -1.725546241 1.948896646 -0.035099450 0.109919012 0.018555472 0.993147314
1403638213145096960.000000 -6.617897511 -1.726004839 1.933423758 -0.033394784 0.096125208 0.010697771 0.994751394
1403638213195097088.000000 -6.530214787 -1.727016807 1.920638561 -0.029535813 0.082429595 0.002710062 0.996155441
1403638213345096960.000000 -6.278082848 -1.726835489 1.884056568 -0.011403071 0.042972434 -0.027977381 0.998619378
1403638213445096960.000000 -6.107855797 -1.721995711 1.865730047 -0.002311692 0.017628189 -0.050104402 0.998585701
1403638213495097088.000000 -6.014719009 -1.721172929 1.858936429 -0.000621588 0.005266669 -0.060470592 0.998155892
1403638213595097088.000000 -5.835613728 -1.712323785 1.851373434 -0.005887338 -0.021954264 -0.067875028 0.997434855
1403638213795097088.000000 -5.437500477 -1.697203875 1.839343190 -0.034084044 -0.062579185 -0.049378134 0.996234894
1403638213995097088.000000 -5.035861969 -1.707598209 1.820395947 -0.037722901 -0.075333081 -0.040916629 0.995604217
1403638214045096960.000000 -4.939146042 -1.710599542 1.815856576 -0.033804137 -0.076167092 -0.039749909 0.995728791
1403638214145096960.000000 -4.742619991 -1.723016500 1.798935056 -0.022385277 -0.075181246 -0.038147748 0.996188462
1403638214245096960.000000 -4.548448086 -1.739505887 1.785537124 -0.010659087 -0.072248630 -0.036747508 0.996652484
1403638214395097088.000000 -4.261548042 -1.755546093 1.774682403 0.000037345 -0.066958860 -0.034211516 0.997169018
1403638214995097088.000000 -3.129738092 -1.752696037 1.853109360 -0.044173364 -0.050415296 -0.020370582 0.997542977
1403638223645096960.000000 -0.183515117 -0.329805255 -0.076313466 -0.031175472 -0.169040471 -0.079690613 0.981887400
1403638223845096960.000000 -0.175459892 -0.290914714 -0.104925737 -0.027841330 -0.177511558 -0.058148157 0.982004762
1403638224045096960.000000 -0.170269802 -0.249598354 -0.125949800 -0.023101619 -0.180063412 -0.051209722 0.982049406
1403638224145096960.000000 -0.171856567 -0.227199271 -0.133369833 -0.013268492 -0.178506032 -0.054129779 0.982359171
1403638224195097088.000000 -0.173420385 -0.216409430 -0.136155844 -0.008132077 -0.177925080 -0.055818092 0.982425988
1403638224695097088.000000 -0.195924938 -0.152248055 -0.127773926 -0.026261663 -0.176030904 -0.061447348 0.982113898
1403638224745096960.000000 -0.198905170 -0.144845977 -0.125634834 -0.016774314 -0.175774470 -0.062251870 0.982316971
1403638224795097088.000000 -0.201790646 -0.139399961 -0.124698490 -0.011001871 -0.175458327 -0.063382015 0.982382834
1403638225295097088.000000 -0.215972602 -0.151262939 -0.111601330 -0.020287095 -0.171985939 -0.063827232 0.982820094
1403638225345096960.000000 -0.215764627 -0.154910222 -0.112657554 -0.019776408 -0.172574177 -0.062042769 0.982841671
1403638225445096960.000000 -0.214315638 -0.159048423 -0.108957529 -0.027107144 -0.173448503 -0.059705868 0.982657611
1403638225745096960.000000 -0.217366189 -0.129171491 -0.085549876 -0.058387037 -0.176652208 -0.051347561 0.981197417
1403638225795097088.000000 -0.219390884 -0.114583023 -0.079787642 -0.050494783 -0.175845250 -0.053439543 0.981668472
1403638225845096960.000000 -0.223970190 -0.099333204 -0.080220379 -0.038978811 -0.175582498 -0.053998817 0.982209504
1403638226045096960.000000 -0.240420416 -0.071550883 -0.090671718 -0.005291934 -0.168757111 -0.062233057 0.983676851
1403638226095097088.000000 -0.214172065 -0.054605145 -0.095240273 -0.008922622 -0.160615802 -0.079726145 0.983751357
1403638226345096960.000000 -0.268035382 -0.087980747 -0.062344257 -0.002497338 -0.170319185 -0.058752280 0.983632743
1403638226895097088.000000 -0.264085323 -0.042522430 -0.037756715 -0.005318632 -0.170624539 -0.057966772 0.983615160
