1403636579763555584.000000 0.000000000 0.000000000 0.000000000 0.000000000 0.000000000 0.000000000 1.000000000
1403636579813555456.000000 0.000022773 0.014810670 0.007184824 -0.001269363 -0.002775639 0.000962046 0.999994874
1403636582213555456.000000 -0.002344497 0.261832416 0.069616109 0.058226589 -0.018078504 0.010087482 0.998088717
1403636582863555584.000000 -0.012688659 -0.075217538 -0.012400459 0.012670898 -0.035375483 0.007521675 0.999265432
1403636583363555584.000000 0.001361900 -0.089524299 -0.012778534 -0.012532772 -0.042608771 0.012091737 0.998940051
1403636583663555584.000000 0.013158194 0.105855629 0.041309223 0.014592221 -0.035431426 0.015795041 0.999140739
1403636584563555584.000000 0.003770253 0.028617643 0.027343988 0.041730996 -0.030083133 0.022443796 0.998423636
1403636584663555584.000000 0.003972055 -0.044830497 0.013717687 0.022433985 -0.036242679 0.020314343 0.998884618
1403636584913555456.000000 -0.001620759 -0.178113759 -0.019222479 -0.018212277 -0.045765605 0.016045196 0.998657286
1403636585013555456.000000 -0.003513104 -0.189894080 -0.026852485 -0.020559406 -0.048372876 0.011017507 0.998556972
1403636586163555584.000000 0.012546498 0.111823335 0.001907588 0.128547177 -0.039157096 -0.003906709 0.990922332
1403636586563555584.000000 0.008625975 0.110004522 -0.039621335 0.201766968 -0.042630021 -0.015201657 0.978387296
1403636587713555456.000000 0.177586094 0.082326740 -0.000889124 0.192033112 -0.037639454 -0.019937150 0.980463684
1403636588213555456.000000 0.334359616 0.086672731 0.015677208 0.205439165 -0.065563381 -0.031916305 0.975949526
1403636589513555456.000000 -0.028920904 0.090274468 -0.032693397 0.195697561 -0.023647673 -0.014962233 0.980264962
1403636589713555456.000000 -0.123196758 0.096411526 -0.039543800 0.191615060 -0.017558794 -0.011913750 0.981240749
1403636589913555456.000000 -0.204982042 0.109025717 -0.045874454 0.199995339 -0.002025584 -0.009011885 0.979753315
1403636590163555584.000000 -0.264986694 0.115415566 -0.050802525 0.192158535 0.016887305 -0.009115505 0.981176257
1403636592263555584.000000 0.245888427 0.097407706 0.067242362 0.159628719 -0.103418417 -0.043790147 0.980767906
1403636592613555456.000000 0.234851226 0.064319797 0.165935576 0.158224538 -0.068417974 -0.036968481 0.984335959
1403636593113555456.000000 0.008274049 0.059943270 0.208594576 0.166941792 0.058317140 0.004107975 0.984232008
1403636593263555584.000000 -0.081477173 0.074220099 0.160822421 0.169190586 0.094893999 0.003962129 0.980996430
1403636593363555584.000000 -0.125407562 0.087018505 0.120579094 0.173247084 0.108287111 0.004438088 0.978897154
1403636593663555584.000000 -0.159605399 0.141747072 -0.009992711 0.188797727 0.088931374 -0.004646728 0.977969885
1403636593813555456.000000 -0.119780943 0.166813150 -0.064630859 0.197679549 0.049226336 -0.022552799 0.978770137
1403636593963555584.000000 -0.051553793 0.179865733 -0.104770020 0.185758829 -0.008580064 -0.045688301 0.981495082
1403636594263555584.000000 0.115649343 0.178234443 -0.106251076 0.173733681 -0.110844359 -0.073986083 0.975733697
1403636594563555584.000000 0.271212041 0.143914282 0.006972142 0.156134024 -0.141633332 -0.063100733 0.975489855
1403636594763555584.000000 0.292089403 0.116297059 0.098877102 0.143310890 -0.129470393 -0.062661707 0.979169488
1403636594963555584.000000 0.207976088 0.103190318 0.163520128 0.136439651 -0.079320155 -0.039294396 0.986685574
1403636595163555584.000000 0.054467078 0.107447825 0.174920768 0.140984431 0.000835545 -0.011915090 0.989939749
1403636595363555584.000000 -0.071177855 0.127971321 0.145184726 0.151377812 0.063792907 0.003078782 0.986410558
1403636595513555456.000000 -0.105582856 0.143971086 0.100912213 0.156075180 0.079128720 0.006194460 0.984551072
1403636595813555456.000000 -0.007754259 0.179910153 0.013748194 0.165216833 0.044595916 0.007389780 0.985220790
1403636595963555584.000000 0.075148873 0.200561985 -0.019253621 0.165520146 -0.003880786 -0.000753047 0.986198485
1403636596163555584.000000 0.142806768 0.222764730 -0.079379193 0.173500687 -0.055493578 -0.019677449 0.983072102
1403636596663555584.000000 -0.000629694 0.233258829 -0.248050764 0.159573972 -0.063494869 -0.019176109 0.984955251
1403636597713555456.000000 0.032610718 0.105047353 0.156328022 0.149514213 0.046594433 0.029448407 0.987221956
1403636598363555584.000000 -0.022143614 0.208074167 -0.021451227 0.186245769 0.063667990 0.054609157 0.978916109
1403636598713555456.000000 0.016810209 0.233779967 0.054071333 0.156438470 0.072520256 0.055908788 0.983433783
1403636598863555584.000000 0.029557489 0.246149808 0.110209391 0.120962128 0.089489505 0.052078705 0.987242401
1403636598963555584.000000 0.037166927 0.259035796 0.144644469 0.101535089 0.090909451 0.049411748 0.989436507
1403636599113555456.000000 0.044179160 0.277300358 0.183155626 0.075598180 0.097506948 0.045555674 0.991313279
1403636599163555584.000000 0.045887023 0.280727208 0.192148149 0.063004039 0.102698959 0.041964140 0.991827846
1403636599663555584.000000 0.052430678 0.308928043 0.253903300 0.009478896 0.083169982 0.033133540 0.995939314
1403636624913555456.000000 0.120387524 0.323115706 0.216941595 0.013376283 0.061774287 0.053116545 0.996585965
1403636625063555584.000000 0.140729100 0.308416396 0.189537838 0.031274345 0.056664102 0.070025980 0.995443344
1403636625163555584.000000 0.147659019 0.287093759 0.171158358 0.039725836 0.058747966 0.065957502 0.995299041
1403636625363555584.000000 0.149741665 0.243221000 0.148299426 0.028561190 0.064691760 0.054521639 0.996005356
1403636625563555584.000000 0.149682790 0.251976371 0.153631017 0.035995156 0.066579141 0.056188561 0.995547295
1403636625813555456.000000 0.136517987 0.211896896 0.167932734 0.020912016 0.069529407 0.056803681 0.995741785
1403636626113555456.000000 0.107408524 0.066975273 0.168254420 0.004777419 0.076991014 0.042134251 0.996129632
1403636627063555584.000000 0.156131908 0.001043703 0.179035351 0.014299260 0.081395835 0.054624762 0.995081127
1403636628213555456.000000 0.279668540 -0.062632002 0.136083364 0.015546809 0.023506664 0.032352515 0.999079108
1403636628463555584.000000 0.305480003 -0.130803898 0.148902193 0.003500342 0.025251459 0.017078320 0.999529123
1403636628713555456.000000 0.347797096 -0.165714160 0.161883563 0.005610269 0.027342666 0.016097169 0.999480724
1403636628813555456.000000 0.374259204 -0.167834699 0.169358432 0.011525363 0.019656049 0.021038570 0.999518991
1403636629163555584.000000 0.470946550 -0.203804433 0.196269840 0.028694225 -0.006086020 0.022803605 0.999309540
1403636629263555584.000000 0.499375612 -0.218851030 0.208961859 0.025755033 -0.016423443 0.018419955 0.999363601
1403636629363555584.000000 0.525877118 -0.231543913 0.224749178 0.020876642 -0.024191014 0.012337694 0.999413192
1403636629463555584.000000 0.556687951 -0.239332080 0.243168652 0.014093019 -0.030352589 0.002475121 0.999436855
1403636629663555584.000000 0.625257313 -0.235322759 0.285161227 0.020397240 -0.059333045 -0.011320149 0.997965634
1403636629763555584.000000 0.664271057 -0.220563337 0.315042943 0.029434940 -0.080338039 -0.014576399 0.996226370
1403636630063555584.000000 0.798185825 -0.194599807 0.409699768 0.035434101 -0.136146531 -0.029631555 0.989611268
1403636630413555456.000000 0.950763583 -0.255596787 0.527746320 0.009278961 -0.157267690 -0.030607292 0.987037957
1403636631113555456.000000 1.226556301 -0.411111325 0.772219539 0.015843406 -0.144924372 -0.025674343 0.988982677
1403636631363555584.000000 1.313658953 -0.425087988 0.888819218 0.010172917 -0.143809229 -0.024803763 0.989242256
1403636631963555584.000000 1.532997966 -0.443066239 1.122220039 0.015028808 -0.139480412 -0.013986710 0.990011990
1403636632463555584.000000 1.643210053 -0.497699231 1.311505914 0.013413876 -0.143658936 -0.014137157 0.989435375
1403636632613555456.000000 1.664730072 -0.489708692 1.374331951 0.026116591 -0.131383359 -0.027627267 0.990602374
1403636632763555584.000000 1.691533089 -0.480956525 1.440870643 0.032783143 -0.106396131 -0.028768685 0.993366718
1403636633263555584.000000 1.791996956 -0.531583428 1.671814203 0.019153757 -0.032386184 0.021835355 0.999053299
1403636633813555456.000000 1.890386105 -0.568107426 1.993180990 0.032834832 -0.030506162 0.008973905 0.998954833
1403636634213555456.000000 1.987625360 -0.658350945 2.257077217 0.029991118 -0.032771703 -0.004331792 0.999003410
1403636634663555584.000000 2.127516031 -0.775790155 2.570472240 0.006277393 -0.028713575 0.019866413 0.999370515
1403636635163555584.000000 2.255562544 -0.889364779 2.887307882 0.020571264 -0.000371168 0.034764323 0.999183714
1403636635713555456.000000 2.373488665 -1.019990444 3.253574371 0.024659159 0.010029605 0.017290454 0.999496043
1403636635963555584.000000 2.443271399 -1.151481271 3.411736488 0.020304739 0.012266940 0.003062982 0.999713898
1403636636113555456.000000 2.489536762 -1.221669793 3.512015104 0.032242693 0.006753389 0.013709420 0.999363244
1403636636213555456.000000 2.528765440 -1.273193598 3.581989050 0.025284778 0.004078806 0.022060111 0.999428570
1403636636313555456.000000 2.560702801 -1.333219409 3.652109385 0.013383779 0.001856056 0.027546121 0.999529243
1403636636413555456.000000 2.601476669 -1.396741152 3.719958782 -0.001954434 0.001847092 0.029861214 0.999550462
1403636636463555584.000000 2.619055510 -1.425753355 3.748824120 -0.008787063 0.001940961 0.031107808 0.999475539
1403636636563555584.000000 2.653731346 -1.472633600 3.811805010 -0.012797268 -0.000250649 0.037197124 0.999225974
1403636636713555456.000000 2.701301336 -1.530222893 3.897021532 -0.012770152 -0.004799730 0.050210983 0.998645425
1403636636863555584.000000 2.742305994 -1.560381889 3.978788376 -0.010324397 -0.008316183 0.063403808 0.997899890
1403636637013555456.000000 2.760720491 -1.574077606 4.058171749 -0.002634234 -0.001304067 0.048827529 0.998802900
1403636637213555456.000000 2.775902271 -1.575297952 4.151541233 0.009506903 0.006069165 0.033903003 0.999361455
1403636637563555584.000000 2.790850401 -1.608459473 4.299720287 0.021931341 0.010479848 0.033658501 0.999137759
1403636637713555456.000000 2.791593075 -1.651086688 4.359552383 0.022360114 0.012360108 0.032529302 0.999144197
1403636637863555584.000000 2.789495468 -1.709706783 4.416780949 0.016921727 0.013118512 0.033278096 0.999216735
1403636638013555456.000000 2.793518543 -1.770608783 4.471393585 0.010903054 0.014652371 0.033253893 0.999280035
1403636638063555584.000000 2.792151213 -1.782000303 4.494381428 0.009162426 0.015019353 0.033167098 0.999294937
1403636638213555456.000000 2.792719364 -1.797187328 4.564757347 0.005065685 0.015932444 0.032775056 0.999322891
1403636638363555584.000000 2.794142962 -1.799480438 4.631723404 0.012403335 0.018425919 0.027282156 0.999381006
1403636638513555456.000000 2.796912670 -1.789796233 4.702252388 0.041771811 0.022882983 0.013813189 0.998769581
1403636638763555584.000000 2.819846392 -1.805584788 4.837661266 0.038923014 0.019448740 0.026661802 0.998697102
1403636638913555456.000000 2.837299824 -1.849218965 4.928993702 0.026044507 0.020717047 0.025924310 0.999109805
1403636639063555584.000000 2.855984688 -1.905116677 5.016911507 0.022423351 0.025658742 0.012536666 0.999340594
1403636639163555584.000000 2.874145985 -1.935155153 5.078471661 0.022830056 0.028781584 0.003562836 0.999318600
1403636639263555584.000000 2.894298315 -1.949876904 5.148838520 0.024328910 0.030109648 -0.000745841 0.999250174
1403636639363555584.000000 2.926539660 -1.952736139 5.217546940 0.024210118 0.026862681 0.009411492 0.999301612
1403636639563555584.000000 2.995781898 -1.946947217 5.371154308 0.020848652 0.018291062 0.035965752 0.998968065
1403636639713555456.000000 3.046475410 -1.944530010 5.490948677 0.011486207 0.017560434 0.042333391 0.998883188
1403636639813555456.000000 3.075028419 -1.950680971 5.567229271 0.005717022 0.019578272 0.037522193 0.999087632
1403636639963555584.000000 3.110445023 -1.967321634 5.668044090 0.003201879 0.021872731 0.031924974 0.999245763
1403636640063555584.000000 3.133849621 -1.987378836 5.735960960 0.002776140 0.024329731 0.033857580 0.999126613
1403636640463555584.000000 3.230851173 -2.085054159 5.945006371 0.003751541 0.050491527 0.048178997 0.997554660
1403636640613555456.000000 3.270371199 -2.102331400 6.014577866 0.004596106 0.055217769 0.049931228 0.997214496
1403636640763555584.000000 3.298417568 -2.104825735 6.085500717 0.006069194 0.057385512 0.050290063 0.997066200
1403636640913555456.000000 3.322668552 -2.117769957 6.151748657 0.009693652 0.057948519 0.051496260 0.996943414
1403636641263555584.000000 3.383389235 -2.151904106 6.289603233 0.005796842 0.056485936 0.050030649 0.997132242
1403636641413555456.000000 3.403311968 -2.147007704 6.347532272 0.007235556 0.059041675 0.038201120 0.997498035
1403636641563555584.000000 3.425520182 -2.142807961 6.403607368 0.006920440 0.057354718 0.040823836 0.997494817
1403636641763555584.000000 3.458734989 -2.154680729 6.468618393 0.006863744 0.054163426 0.046509355 0.997424722
1403636642313555456.000000 3.541635513 -2.256788254 6.577456951 -0.000763850 0.023085125 0.035246175 0.999111712
1403636642563555584.000000 3.581817865 -2.259973288 6.617467880 0.002530326 0.004003512 0.028178699 0.999591708
1403636642713555456.000000 3.601000309 -2.243431568 6.638890266 0.015349089 -0.001601465 0.025143234 0.999564707
1403636642913555456.000000 3.625812054 -2.228569984 6.665652752 0.025458938 -0.003437582 0.022753548 0.999410987
1403636643263555584.000000 3.674847364 -2.257669687 6.729318142 0.010490629 -0.001601913 0.020206012 0.999739528
1403636643463555584.000000 3.705641508 -2.262670040 6.764694691 0.019103235 -0.000449446 0.019873671 0.999619901
1403636643713555456.000000 3.753748655 -2.305315971 6.803114891 0.036123775 0.002214286 0.023104927 0.999077737
1403636644013555456.000000 3.807430267 -2.378641367 6.889894962 0.047563680 0.001746472 0.027531002 0.998487175
1403636644213555456.000000 3.847542048 -2.413659096 6.981384277 0.042413943 0.002752135 0.025315160 0.998775542
1403636644413555456.000000 3.883419275 -2.442943335 7.102456570 0.013710028 0.008891627 0.003768480 0.999859393
1403636644613555456.000000 3.934318304 -2.447069883 7.235373974 0.000530926 0.012448601 -0.008912082 0.999882638
1403636644763555584.000000 4.000881672 -2.419636726 7.317374706 -0.001319230 0.006158830 0.011076890 0.999918818
1403636644913555456.000000 4.066816330 -2.384862661 7.406671524 0.003476815 -0.001504169 0.028027352 0.999599993
1403636645063555584.000000 4.131838799 -2.347130775 7.481201649 0.024745461 -0.002840558 0.025328156 0.999368846
1403636645113555456.000000 4.148262024 -2.348387957 7.512689590 0.037190545 -0.003169736 0.023929352 0.999016643
1403636645263555584.000000 4.211639404 -2.343102932 7.594177723 0.061500557 -0.004136394 0.024270413 0.997803330
1403636645463555584.000000 4.291447163 -2.368946314 7.723194599 0.046698760 -0.005233793 0.024057977 0.998605549
1403636645763555584.000000 4.400974751 -2.414135456 7.969846249 0.036833547 -0.006400252 0.025771607 0.998968542
1403636645913555456.000000 4.447812080 -2.458093882 8.103665352 0.038264152 -0.005725083 0.023063326 0.998985052
1403636646013555456.000000 4.488938808 -2.490329981 8.187818527 0.028073462 -0.008742738 0.017983379 0.999405861
1403636646113555456.000000 4.524507046 -2.541686773 8.272455215 0.021462237 -0.018408241 0.007423035 0.999572635
1403636646163555584.000000 4.542591095 -2.566122532 8.317201614 0.017974986 -0.026940623 0.001953005 0.999473512
1403636646263555584.000000 4.587053299 -2.614121914 8.408049583 0.011031417 -0.046788871 -0.011245403 0.998780549
1403636646363555584.000000 4.633209229 -2.654492140 8.497860909 0.001971177 -0.071543932 -0.025814032 0.997101426
1403636646463555584.000000 4.690429211 -2.689553022 8.575980186 -0.006327958 -0.098752826 -0.029640116 0.994650364
1403636646563555584.000000 4.742909431 -2.721671820 8.655658722 -0.013960013 -0.121574044 -0.028359672 0.992078900
1403636646613555456.000000 4.769444942 -2.740972042 8.691684723 -0.013612399 -0.129757702 -0.028833644 0.991032898
1403636646763555584.000000 4.846858025 -2.805257559 8.788238525 -0.008020192 -0.147731185 -0.029339898 0.988559723
1403636646913555456.000000 4.922740936 -2.883440971 8.872290611 -0.006857897 -0.155914187 -0.030814998 0.987266004
1403636647013555456.000000 4.971289635 -2.929348707 8.917238235 -0.003749366 -0.157992214 -0.031298898 0.986937046
1403636647113555456.000000 5.019769669 -2.964988947 8.967020035 0.002647661 -0.158507481 -0.030842841 0.986872375
1403636647263555584.000000 5.087889194 -3.011750460 9.037672997 0.007768414 -0.157392085 -0.031413421 0.987005889
1403636647463555584.000000 5.184710026 -3.055923700 9.127830505 0.000608927 -0.151982322 -0.034165435 0.987792313
1403636647613555456.000000 5.258604527 -3.077989817 9.188364029 -0.013255859 -0.146339372 -0.038681243 0.988389015
1403636647863555584.000000 5.383328915 -3.125325203 9.266641617 -0.007486311 -0.154881477 -0.036238473 0.987239838
1403636648063555584.000000 5.493856430 -3.149702787 9.316301346 -0.005499101 -0.182946488 -0.043573771 0.982141376
1403636648763555584.000000 5.882028103 -3.045310497 9.421084404 0.000623311 -0.338985384 -0.094462670 0.936037004
1403636649163555584.000000 6.083575726 -3.088949919 9.390510559 0.010597868 -0.350759655 -0.095417470 0.931531429
1403636649463555584.000000 6.246629715 -3.195156813 9.344129562 0.005810327 -0.343474150 -0.088504799 0.934964538
1403636649763555584.000000 6.372648239 -3.322917938 9.305376053 -0.010737281 -0.346528471 -0.091894224 0.933465660
1403636650113555456.000000 6.512359142 -3.403601170 9.240759850 -0.013963902 -0.369225889 -0.093126506 0.924556494
1403636650363555584.000000 6.600021362 -3.404729366 9.168709755 -0.010715598 -0.412486136 -0.110293359 0.904198945
1403636650613555456.000000 6.647696495 -3.335667610 9.122033119 0.000150007 -0.466336727 -0.134173349 0.874372661
1403636651663555584.000000 6.790828228 -3.340348959 8.801894188 -0.004395176 -0.485184401 -0.132549047 0.864295959
1403636652163555584.000000 6.763857365 -3.180066586 8.615760803 -0.018782297 -0.547016442 -0.162340656 0.821015060
1403636652413555456.000000 6.751636028 -3.078041792 8.478479385 0.004810887 -0.612227321 -0.195761755 0.766049504
1403636652663555584.000000 6.724166870 -2.982469082 8.367482185 0.018276706 -0.644258857 -0.220914364 0.731979072
1403636653113555456.000000 6.773807526 -2.943133831 8.125308990 0.015127392 -0.654266417 -0.211794227 0.725844204
1403636653763555584.000000 6.895843029 -2.893233538 7.826173306 -0.006984508 -0.644234776 -0.181539148 0.742937624
1403636654313555456.000000 6.906733513 -2.805208445 7.629864216 -0.010292909 -0.655960977 -0.190381318 0.730317891
1403636654563555584.000000 6.879362583 -2.796905518 7.525660515 -0.002093051 -0.688044548 -0.203964993 0.696411192
1403636654713555456.000000 6.857610703 -2.800936937 7.461778641 -0.000276040 -0.702000737 -0.218180820 0.677932143
1403636655063555584.000000 6.812403202 -2.763710499 7.339879990 -0.006321937 -0.722525358 -0.215316176 0.656929314
1403636655313555456.000000 6.765131950 -2.717748642 7.269076347 -0.018292373 -0.729387999 -0.210382462 0.650690198
1403636655513555456.000000 6.705941200 -2.676663876 7.211626530 -0.023222398 -0.740580678 -0.214785621 0.636292458
1403636655763555584.000000 6.607665539 -2.628803492 7.138547421 -0.010200615 -0.754055083 -0.246058598 0.608894110
1403636655863555584.000000 6.567179203 -2.591981173 7.113074303 -0.009531597 -0.761920571 -0.255002379 0.595281422
1403636655963555584.000000 6.530489922 -2.549921989 7.086934090 -0.010803322 -0.772636890 -0.261640072 0.578325212
1403636656013555456.000000 6.510841846 -2.531364441 7.074416637 -0.012308560 -0.777513266 -0.263696730 0.570776403
1403636656063555584.000000 6.488890648 -2.510209560 7.057593822 -0.012759431 -0.782236218 -0.264520884 0.563890457
1403636656113555456.000000 6.471554756 -2.492970228 7.038370609 -0.011158946 -0.786140025 -0.265173227 0.558159947
1403636656213555456.000000 6.432054520 -2.468735695 7.001424789 -0.006161301 -0.792091668 -0.266293883 0.549217999
1403636656363555584.000000 6.377579689 -2.447787285 6.930375099 -0.002787221 -0.795511663 -0.269451410 0.542724013
1403636656513555456.000000 6.328421116 -2.443912029 6.849948883 -0.000501925 -0.795964360 -0.270004243 0.541791677
1403636656663555584.000000 6.282370567 -2.445477486 6.766806126 -0.002241557 -0.797124028 -0.262064040 0.543976724
1403636656813555456.000000 6.244058132 -2.435156822 6.685907364 -0.013194866 -0.800738454 -0.243897513 0.546953261
1403636657013555456.000000 6.179075241 -2.398520708 6.592134476 -0.018364677 -0.800679326 -0.234275103 0.551081240
1403636657313555456.000000 6.055170536 -2.322180271 6.471398354 -0.025314266 -0.795294464 -0.243095949 0.554770470
1403636657663555584.000000 5.868265629 -2.235638618 6.321702003 -0.016717404 -0.788133502 -0.266346604 0.554640114
1403636657913555456.000000 5.733324528 -2.143848419 6.201152325 -0.023399800 -0.788626134 -0.276589632 0.548652351
1403636658213555456.000000 5.573853016 -2.046318054 6.006831169 -0.007096391 -0.794558942 -0.271710098 0.542954206
1403636658563555584.000000 5.412264824 -1.934887052 5.756796360 0.014914555 -0.800702095 -0.261835724 0.538605392
1403636659013555456.000000 5.271546364 -1.757264376 5.496114254 0.008068250 -0.808042765 -0.242292479 0.536932170
1403636659963555584.000000 5.015841961 -1.419876099 5.192057610 0.008320022 -0.808065474 -0.249053493 0.533791482
1403636661063555584.000000 5.025064468 -1.001450062 5.157179356 0.014636965 -0.814284205 -0.231813028 0.531967759
1403636663263555584.000000 5.018162727 -0.905250788 5.773753166 -0.002036481 -0.798517525 -0.287685484 0.528774679
1403636664713555456.000000 5.675662994 -0.739687145 6.107500553 -0.004732046 -0.798167527 -0.235509634 0.554473996
1403636665663555584.000000 6.201269627 -0.947484970 6.600978851 0.017557507 -0.789163113 -0.242092460 0.564184904
1403636665963555584.000000 6.362076283 -1.064188242 6.758685589 -0.009598891 -0.791385770 -0.244384050 0.560261488
1403636666313555456.000000 6.520925522 -1.146150827 6.960460186 -0.014391107 -0.793741226 -0.240951911 0.558309972
1403636666563555584.000000 6.610032558 -1.188578129 7.098873615 -0.016726414 -0.789323390 -0.249136403 0.560909867
1403636666763555584.000000 6.663125515 -1.240630865 7.190846443 0.004762074 -0.785931468 -0.253722876 0.563838363
1403636666913555456.000000 6.703680038 -1.280648351 7.255513191 0.003378497 -0.777755857 -0.273027152 0.566163003
1403636667013555456.000000 6.735359192 -1.301923394 7.296678543 -0.004317358 -0.772708893 -0.285426855 0.566951394
1403636667113555456.000000 6.769773483 -1.316753983 7.334801674 -0.006124261 -0.776050627 -0.275445014 0.567307651
1403636667413555456.000000 6.875433445 -1.327650785 7.433194637 0.002009815 -0.788518965 -0.234811142 0.568416655
1403636667613555456.000000 6.934889793 -1.329679847 7.512156487 0.007016039 -0.781440616 -0.254150212 0.569832504
1403636667963555584.000000 7.052568913 -1.378381610 7.627978325 -0.001123777 -0.778465509 -0.264876097 0.569061339
1403636668113555456.000000 7.109560490 -1.388439059 7.671006680 0.003003541 -0.781563044 -0.260802239 0.566685379
1403636668313555456.000000 7.185594082 -1.372976422 7.726622105 0.013458677 -0.785576463 -0.258243054 0.562137902
1403636668413555456.000000 7.232316971 -1.360955238 7.758866310 0.013895057 -0.787603259 -0.257042259 0.559836805
1403636668513555456.000000 7.274351597 -1.349637270 7.792414665 0.013073456 -0.790006280 -0.254467279 0.557642817
1403636668963555584.000000 7.500805855 -1.301231384 7.960567474 0.023605006 -0.801983654 -0.229061499 0.551176786
1403636669263555584.000000 7.656425476 -1.350259304 8.106150627 0.000475453 -0.801406145 -0.234124273 0.550394237
1403636669513555456.000000 7.767662525 -1.369771242 8.254656792 -0.004247767 -0.802714527 -0.230306029 0.550082207
1403636669713555456.000000 7.836709499 -1.381223440 8.389278412 -0.015408292 -0.806546032 -0.213799715 0.550940812
1403636669913555456.000000 7.878626823 -1.420114994 8.537454605 -0.047376480 -0.795766354 -0.238039851 0.554840922
1403636670163555584.000000 7.878637314 -1.490262866 8.691327095 -0.064129256 -0.782550097 -0.265650928 0.559403598
1403636670313555456.000000 7.854091644 -1.538146377 8.750372887 -0.089116484 -0.774172664 -0.267042071 0.566924512
1403636670513555456.000000 7.778457165 -1.556601524 8.794834137 -0.099246316 -0.755740643 -0.274904430 0.586032271
1403636670813555456.000000 7.583472252 -1.589128375 8.731619835 -0.097875886 -0.714969873 -0.267627001 0.638446689
1403636670913555456.000000 7.502598286 -1.586235523 8.673993111 -0.105460502 -0.695154727 -0.266280472 0.659342647
1403636671313555456.000000 7.058914661 -1.571838260 8.232547760 -0.072341785 -0.621610820 -0.225478053 0.746676862
1403636671863555584.000000 6.443906784 -1.450034142 7.379133701 0.053125102 -0.570995748 -0.204316080 0.793345153
1403636672263555584.000000 6.216885567 -1.425056100 6.862774372 0.092270538 -0.581337929 -0.187277853 0.786421895
1403636673263555584.000000 6.168086529 -1.287945986 6.417703152 0.053887088 -0.537885666 -0.162557870 0.825439334
1403636675163555584.000000 6.680966854 -1.267757058 7.158844948 0.046444673 -0.469345570 -0.166337520 0.865961552
1403636675463555584.000000 6.858631611 -1.325174332 7.320268154 0.039962731 -0.477645487 -0.126164287 0.868527710
1403636675663555584.000000 6.987127781 -1.357309937 7.448375702 0.024241000 -0.465686023 -0.100769058 0.878859758
1403636675913555456.000000 7.116058350 -1.386247993 7.644466877 -0.006711309 -0.420808434 -0.113539159 0.899991155
1403636676213555456.000000 7.253120422 -1.393397331 7.883101463 0.011653048 -0.361688346 -0.098401435 0.927018285
1403636676463555584.000000 7.347079277 -1.365820885 8.076290131 0.032625251 -0.316279262 -0.045944132 0.946991086
1403636676813555456.000000 7.437147617 -1.441294909 8.367496490 0.018143412 -0.251458824 -0.058720171 0.965914726
1403636677463555584.000000 7.595701694 -1.531415582 8.919612885 -0.009139323 -0.227492839 -0.027750699 0.973341346
1403636677713555456.000000 7.597814560 -1.575248241 9.098362923 -0.018895449 -0.182065964 -0.028040560 0.982704759
1403636677913555456.000000 7.595327377 -1.628458023 9.193891525 0.001016394 -0.127049848 -0.038479120 0.991149187
1403636678363555584.000000 7.630445004 -1.707756400 9.370556831 0.010749939 -0.046241999 0.008004150 0.998840332
1403636678613555456.000000 7.660769939 -1.761031628 9.461088181 0.013206925 0.000123207 0.022718459 0.999654651
1403636678763555584.000000 7.674873352 -1.801939845 9.512392998 0.012196634 0.030521169 0.052922066 0.998057604
1403636678963555584.000000 7.681433678 -1.821021318 9.588120461 0.012456975 0.066236928 0.095164374 0.993177354
1403636679263555584.000000 7.639267921 -1.826057792 9.669035912 0.000448682 0.142274708 0.087689154 0.985935271
1403636679863555584.000000 7.535625458 -1.911623716 9.727856636 -0.000735268 0.248230666 0.108181842 0.962641001
1403636680013555456.000000 7.524349689 -1.966903567 9.722836494 -0.011646921 0.246884182 0.123212643 0.961109340
1403636680263555584.000000 7.493053436 -2.052861452 9.674378395 -0.021487944 0.237842351 0.140376821 0.960866094
1403636680413555456.000000 7.463658333 -2.074247122 9.627758980 -0.020213602 0.228558362 0.154166788 0.961033344
1403636680513555456.000000 7.438277721 -2.078939676 9.589393616 -0.015999570 0.223679796 0.159771770 0.961345077
1403636680713555456.000000 7.359692574 -2.070335388 9.499230385 -0.008524858 0.222480625 0.148000434 0.963600338
1403636680863555584.000000 7.282795429 -2.052309990 9.419155121 0.005052115 0.229734465 0.119217999 0.965910792
1403636680963555584.000000 7.226899147 -2.028142214 9.367104530 0.021419920 0.233645335 0.102768198 0.966638386
1403636681063555584.000000 7.179479122 -2.005867958 9.313241959 0.038201280 0.232701764 0.103034042 0.966320097
1403636681163555584.000000 7.127699375 -1.975367308 9.266065598 0.043290880 0.230337620 0.108185150 0.966108918
1403636681263555584.000000 7.074682236 -1.947477698 9.229270935 0.026932903 0.228992671 0.115618914 0.966162145
1403636681363555584.000000 7.021165848 -1.937233686 9.190954208 0.014085525 0.229885116 0.115780778 0.966203511
1403636681513555456.000000 6.935248852 -1.908745527 9.127175331 0.003820392 0.233426556 0.110016212 0.966123104
1403636681713555456.000000 6.826412201 -1.885851741 9.046195030 0.001911362 0.235476211 0.115644217 0.964973450
1403636682163555584.000000 6.571964741 -1.824738741 8.816879272 0.000553778 0.243867770 0.110779174 0.963460505
1403636682413555456.000000 6.433720589 -1.816068292 8.675474167 0.024747221 0.243785381 0.110840939 0.963156581
1403636682813555456.000000 6.211937428 -1.738022089 8.482720375 -0.001113779 0.237921268 0.106765173 0.965398073
1403636683463555584.000000 5.860322952 -1.623245358 8.087826729 0.003110827 0.239613026 0.107881695 0.964851022
1403636683663555584.000000 5.753829956 -1.548219085 7.961522579 0.006901981 0.241720900 0.108318970 0.964256406
1403636683813555456.000000 5.680808067 -1.495199084 7.870182991 0.016054446 0.243498981 0.108912706 0.963633001
1403636683913555456.000000 5.630020618 -1.467135429 7.806148052 0.019170670 0.244954765 0.109279841 0.963165402
1403636684363555584.000000 5.412364483 -1.427141905 7.515720367 0.005279397 0.254475445 0.107307106 0.961092889
1403636684813555456.000000 5.232380867 -1.343906403 7.243662357 0.000898381 0.261075377 0.098387040 0.960291028
1403636685013555456.000000 5.177857876 -1.269085288 7.125411034 -0.000939626 0.255710602 0.112246633 0.960214496
1403636685163555584.000000 5.140111923 -1.232831955 7.028590679 0.003923490 0.252672315 0.115421012 0.960634828
1403636685213555456.000000 5.127197266 -1.221233368 6.998536587 0.005583294 0.250710934 0.117644556 0.960870743
1403636685313555456.000000 5.099501610 -1.207748055 6.927452564 0.008286134 0.246218622 0.122570261 0.961397052
1403636685463555584.000000 5.061539650 -1.183170676 6.822646141 0.009186787 0.243563533 0.120499015 0.962326527
1403636685613555456.000000 5.013882637 -1.151174307 6.719324589 0.010586740 0.242984623 0.114988975 0.963132381
1403636685763555584.000000 4.968688011 -1.105481029 6.615801811 0.007761915 0.241250530 0.117081113 0.963343084
1403636685863555584.000000 4.936110020 -1.068904161 6.552672386 0.004066611 0.239709720 0.120829657 0.963287532
1403636686013555456.000000 4.883488178 -1.009829640 6.453513145 0.008812618 0.242157862 0.114222787 0.963449538
1403636686463555584.000000 4.725835800 -0.905163944 6.150414944 0.021911962 0.244101226 0.106364034 0.963649929
1403636686863555584.000000 4.594326019 -0.807989001 5.923678875 0.018204123 0.246218607 0.106184855 0.963208079
1403636687013555456.000000 4.542915344 -0.787062645 5.846536636 0.015067336 0.247884855 0.103676751 0.963108122
1403636687113555456.000000 4.514293671 -0.781551421 5.795245171 0.015027898 0.248932689 0.102347210 0.962980628
1403636687263555584.000000 4.466921329 -0.773733914 5.719659805 0.012642972 0.249328285 0.103047088 0.962837934
1403636687413555456.000000 4.424264431 -0.753047585 5.651062489 0.008427655 0.249442458 0.104839563 0.962660968
1403636687713555456.000000 4.352356911 -0.674157441 5.526717663 0.005399756 0.252991468 0.099961087 0.962275386
1403636687913555456.000000 4.318984032 -0.589383066 5.453031063 0.006045941 0.253559589 0.101684146 0.961941421
1403636688163555584.000000 4.279715538 -0.472604275 5.365596771 0.004376946 0.249911651 0.114553504 0.961458504
1403636688363555584.000000 4.249478340 -0.395594269 5.285832405 0.006195628 0.252384543 0.107780024 0.961585760
1403636688813555456.000000 4.169929504 -0.206397668 5.104803085 0.006985910 0.248662502 0.125963330 0.960339189
1403636689213555456.000000 4.053307056 -0.081647262 4.916540146 0.022358416 0.276308089 0.120644718 0.953204453
1403636690013555456.000000 3.770168543 -0.133450717 4.621064186 0.046426132 0.294304788 0.093154632 0.950027108
1403636690863555584.000000 3.529652357 -0.261736870 4.751346588 0.033679634 0.299836099 0.061607391 0.951403439
1403636691263555584.000000 3.575248241 -0.290817618 4.951960087 -0.027111474 0.302479297 0.064182058 0.950606048
1403636691563555584.000000 3.750271082 -0.376361400 5.043319702 -0.003539043 0.297784984 0.099984713 0.949375927
1403636691963555584.000000 4.022839069 -0.530562162 5.113430023 0.003680616 0.296276689 0.118243083 0.947747409
1403636692463555584.000000 4.364265919 -0.701241672 5.156019211 0.005046014 0.290542841 0.123645082 0.948826253
1403636693113555456.000000 4.736885548 -1.016041398 5.103399754 0.014123031 0.278393239 0.146848008 0.949069738
1403636693963555584.000000 4.882560253 -1.179989934 5.148565292 0.025764909 0.291695058 0.126287043 0.947787821
1403636694213555456.000000 4.882089615 -1.204791665 5.217751980 0.004204491 0.295444399 0.120006211 0.947783411
1403636694363555584.000000 4.881581306 -1.228054404 5.253084183 0.009065428 0.295646042 0.121138625 0.947542429
1403636694513555456.000000 4.883309364 -1.255715132 5.281640053 0.015634034 0.294067472 0.124380596 0.947528005
1403636694863555584.000000 4.889193535 -1.280437350 5.364156246 0.014869764 0.294338822 0.116300434 0.948481798
1403636695013555456.000000 4.891230106 -1.274103403 5.404894829 0.019809121 0.296316564 0.104804978 0.949115396
1403636695363555584.000000 4.921837807 -1.292325139 5.496531487 0.013723991 0.285554171 0.119712308 0.950757265
1403636695663555584.000000 4.943453789 -1.344407797 5.561953068 0.007038901 0.279033065 0.127907246 0.951698899
1403636696263555584.000000 4.970985889 -1.327185750 5.678410530 0.020279758 0.271614194 0.132142097 0.953075528
1403636696563555584.000000 4.960761070 -1.302192450 5.725733280 -0.002780065 0.275228292 0.114808343 0.954495013
1403636697113555456.000000 4.965333462 -1.273702502 5.735046864 -0.003815785 0.263712853 0.144163400 0.953759849
1403636697613555456.000000 4.890300751 -1.308246613 5.597635269 0.013731924 0.261390835 0.127375498 0.956693113
1403636697863555584.000000 4.827716827 -1.331483603 5.515682697 0.014105579 0.217227012 0.114455923 0.969284952
1403636698013555456.000000 4.780282974 -1.323271990 5.473575592 0.014921511 0.194043770 0.103038110 0.975452483
1403636698963555584.000000 4.417659283 -1.103071928 5.255584240 0.020064186 0.013804610 0.033047158 0.999157012
1403636699163555584.000000 4.348544598 -1.055917501 5.228245735 0.017327784 -0.036982488 0.003436008 0.999159753
1403636699413555456.000000 4.266474247 -1.044691443 5.173845768 0.019743677 -0.103572659 -0.037391152 0.993722677
1403636700513555456.000000 4.223500252 -0.838412166 5.081072330 0.005987647 -0.247490779 -0.084485441 0.965181172
1403636701063555584.000000 4.337514877 -0.637407064 5.007304192 0.015113275 -0.293804407 -0.085955605 0.951873004
1403636702463555584.000000 4.741871834 -0.526238263 4.870354176 0.017005272 -0.382978171 -0.111432374 0.916854084
1403636702563555584.000000 4.775977135 -0.488130629 4.880543709 0.020188335 -0.389924437 -0.110186890 0.914007783
1403636702663555584.000000 4.807142258 -0.448144704 4.883463383 0.024992706 -0.393984467 -0.110380128 0.912122726
1403636702813555456.000000 4.857685089 -0.384981066 4.903106689 0.030150130 -0.396044403 -0.109919913 0.911129773
1403636703163555584.000000 4.986111164 -0.269653797 4.976536274 0.013651820 -0.390630484 -0.117535576 0.912911177
1403636703563555584.000000 5.146803856 -0.248878688 5.022582054 0.006038535 -0.390961409 -0.109811068 0.913813055
1403636703863555584.000000 5.271777630 -0.266960442 5.035582066 0.006893600 -0.387098283 -0.110302314 0.915391088
1403636704363555584.000000 5.474215031 -0.214235678 5.079642296 0.018578524 -0.380025864 -0.110612273 0.918150365
1403636704513555456.000000 5.540747166 -0.207551569 5.090421200 0.025542891 -0.379381806 -0.109247744 0.918412685
1403636704763555584.000000 5.655227184 -0.219337091 5.120604992 0.040079083 -0.378152996 -0.108210288 0.918523014
1403636704963555584.000000 5.760568619 -0.209730387 5.172733307 0.052206159 -0.373909026 -0.112876877 0.919089437
1403636705113555456.000000 5.848560810 -0.198712036 5.234691620 0.050809473 -0.373835713 -0.108301662 0.919747770
1403636705213555456.000000 5.910709381 -0.199853703 5.285109520 0.034687717 -0.375937462 -0.099457823 0.920638859
1403636705313555456.000000 5.974223137 -0.205729932 5.332787514 0.024259688 -0.376766592 -0.094004266 0.921206594
1403636705413555456.000000 6.033653259 -0.213822603 5.386267662 0.022626985 -0.376786947 -0.093556307 0.921285391
1403636705513555456.000000 6.098428726 -0.228649527 5.441929817 0.028220568 -0.375930876 -0.097665921 0.921054244
1403636705563555584.000000 6.129149914 -0.230634779 5.472182274 0.031496070 -0.375661701 -0.098494604 0.920969665
1403636705663555584.000000 6.188996792 -0.237436980 5.532624245 0.034243368 -0.375756800 -0.100103490 0.920659304
1403636705763555584.000000 6.245825291 -0.244014353 5.595829010 0.029386586 -0.376228780 -0.099855714 0.920661271
1403636705813555456.000000 6.276462078 -0.245707124 5.641031265 0.024976930 -0.376082510 -0.100737393 0.920755148
1403636705963555584.000000 6.373715878 -0.263241380 5.741008282 0.008948755 -0.372538745 -0.107691832 0.921703458
1403636706213555456.000000 6.535045624 -0.316779882 5.897730827 -0.004675578 -0.367028505 -0.113045894 0.923303246
1403636706363555584.000000 6.630484581 -0.319516838 5.976862431 0.006620426 -0.370529532 -0.096665345 0.923753142
1403636706663555584.000000 6.814548969 -0.328642666 6.147044182 0.021202888 -0.372292668 -0.088341139 0.923658192
1403636707013555456.000000 7.012143135 -0.414538175 6.360106468 0.028020909 -0.376170009 -0.094622821 0.921280324
1403636707163555584.000000 7.096625805 -0.463274419 6.454745293 0.022710182 -0.380334705 -0.093716666 0.919808090
1403636707263555584.000000 7.150954723 -0.496792644 6.520710945 0.023928504 -0.383346617 -0.094327934 0.918463409
1403636707463555584.000000 7.255117893 -0.584152997 6.659670830 0.027500262 -0.387362748 -0.095568314 0.916548133
1403636707663555584.000000 7.353639126 -0.699061692 6.802747726 0.026301170 -0.384538144 -0.107785769 0.916417420
1403636707763555584.000000 7.403068542 -0.746834755 6.878143311 0.024974395 -0.381431043 -0.115486301 0.916814864
1403636707863555584.000000 7.456127167 -0.783683717 6.958540916 0.021839250 -0.380064040 -0.117303424 0.917231858
1403636707963555584.000000 7.511970043 -0.809957385 7.047630787 0.018486727 -0.378879905 -0.115209922 0.918060422
1403636708113555456.000000 7.597227573 -0.829443097 7.183165073 0.015664630 -0.377818376 -0.106482565 0.919602811
1403636708263555584.000000 7.686219692 -0.843020678 7.317169189 0.010231738 -0.374578267 -0.105511315 0.921115518
1403636708413555456.000000 7.775417805 -0.848904550 7.451706886 -0.003905708 -0.367295325 -0.122003786 0.922059655
1403636708563555584.000000 7.870289326 -0.869885504 7.567578316 -0.010003733 -0.365536064 -0.125775263 0.922205985
1403636708663555584.000000 7.935584068 -0.877013266 7.639114380 -0.006622124 -0.370303422 -0.114376642 0.921818614
1403636708813555456.000000 8.032173157 -0.886397839 7.736430168 -0.001713151 -0.380452424 -0.091555879 0.920255661
1403636708913555456.000000 8.097256660 -0.890597105 7.799690723 -0.001161734 -0.384705096 -0.086484402 0.918978274
1403636709013555456.000000 8.150168419 -0.897074401 7.863345623 -0.004175504 -0.389123827 -0.084238365 0.917316258
1403636709163555584.000000 8.221868515 -0.918613613 7.952621460 -0.004704135 -0.395364732 -0.081348442 0.914902747
1403636709263555584.000000 8.260963440 -0.935621917 8.007514000 0.001490402 -0.397087872 -0.084216692 0.913907290
1403636709513555456.000000 8.333759308 -0.986672521 8.143534660 0.012368138 -0.397772908 -0.086985655 0.913267314
1403636709713555456.000000 8.372814178 -1.005226016 8.267868042 0.016650544 -0.396316350 -0.087611012 0.913772643
1403636709913555456.000000 8.399723053 -1.027392507 8.405207634 0.015833959 -0.393365651 -0.086798191 0.915138721
1403636710163555584.000000 8.412839890 -1.083070755 8.577937126 0.013266204 -0.389130741 -0.083918937 0.917256176
1403636710413555456.000000 8.407178879 -1.107205629 8.771552086 0.001441545 -0.372453600 -0.101006366 0.922536671
1403636710563555584.000000 8.396580696 -1.104823589 8.891094208 -0.003584092 -0.351962715 -0.109923162 0.929530144
1403636710713555456.000000 8.386212349 -1.093905210 9.003538132 -0.005229426 -0.332154125 -0.104445264 0.937409997
1403636710913555456.000000 8.378347397 -1.075632691 9.137742043 -0.000302793 -0.303238094 -0.075321175 0.949933290
1403636711113555456.000000 8.368003845 -1.083719134 9.247014046 0.006353000 -0.281365812 -0.049019143 0.958326697
1403636711363555584.000000 8.335881233 -1.115176678 9.380197525 0.001641745 -0.269472510 -0.044239432 0.961989999
1403636711513555456.000000 8.303006172 -1.142586589 9.452771187 -0.018910091 -0.268436611 -0.045721598 0.962025821
1403636711713555456.000000 8.243193626 -1.181999564 9.528396606 -0.025213238 -0.275619149 -0.037518714 0.960203469
1403636711913555456.000000 8.154539108 -1.219083905 9.582829475 -0.016582407 -0.275100827 -0.053002346 0.959810019
1403636712063555584.000000 8.078419685 -1.253384709 9.606764793 -0.011607031 -0.270348549 -0.073533729 0.959880054
1403636712463555584.000000 7.876587391 -1.359984636 9.611360550 -0.011574293 -0.246869862 -0.038469937 0.968215585
1403636712663555584.000000 7.754059315 -1.430717230 9.589989662 -0.019653738 -0.226615548 -0.031100189 0.973289192
1403636712913555456.000000 7.592901707 -1.483143687 9.547821999 -0.019204177 -0.211403370 -0.032938618 0.976654947
1403636713213555456.000000 7.385087013 -1.506036282 9.466539383 -0.012489722 -0.206880450 -0.036068309 0.977621377
1403636713463555584.000000 7.205748081 -1.558941007 9.358931541 -0.006407376 -0.205770865 -0.041585352 0.977695227
1403636713663555584.000000 7.065539837 -1.609046817 9.257332802 -0.003693007 -0.204451144 -0.054048788 0.977376521
1403636713813555456.000000 6.969428062 -1.637834907 9.171091080 -0.001358142 -0.203704461 -0.063388489 0.976977229
1403636714063555584.000000 6.826057434 -1.645253658 9.042416573 0.002277652 -0.212639526 -0.054578144 0.975602627
1403636714413555456.000000 6.652998447 -1.610662699 8.861536026 0.003924082 -0.218966618 -0.059562512 0.973904788
1403636714613555456.000000 6.570005417 -1.561087132 8.758726120 0.019660575 -0.205210850 -0.060081579 0.976674020
1403636714713555456.000000 6.532612801 -1.542364478 8.708866119 0.024843624 -0.190485552 -0.053814575 0.979898989
1403636714813555456.000000 6.494577408 -1.530771971 8.662551880 0.027508169 -0.171476468 -0.041774977 0.983917654
1403636715113555456.000000 6.401077271 -1.539900899 8.527123451 0.032318469 -0.109146297 -0.006832819 0.993476689
1403636715413555456.000000 6.321695328 -1.583727956 8.426677704 0.024483604 -0.081912108 -0.003504302 0.996332586
1403636716613555456.000000 6.174777985 -1.525617123 8.052645683 0.005219184 -0.100565724 -0.009362069 0.994872689
1403636716763555584.000000 6.161154270 -1.483254433 7.991825581 0.003655463 -0.088017397 -0.004092977 0.996103823
1403636716963555584.000000 6.139386654 -1.431653857 7.907390594 0.005903039 -0.053231306 0.006511601 0.998543501
1403636717263555584.000000 6.108746052 -1.393429756 7.765415668 0.008134075 0.001518401 0.032941822 0.999423027
1403636717463555584.000000 6.090451241 -1.377787352 7.662631035 0.007051991 0.010897430 0.057943329 0.998235524
1403636717813555456.000000 6.015803337 -1.307916880 7.501708508 0.007312590 0.018859871 0.055623088 0.998246908
1403636718063555584.000000 5.927285194 -1.260028601 7.376326561 0.008450829 0.047429249 0.070238970 0.996366143
1403636718413555456.000000 5.758217335 -1.191170454 7.197554111 0.013460596 0.111034662 0.067263491 0.991446257
1403636718613555456.000000 5.656828403 -1.125271201 7.106138706 0.016380835 0.143954247 0.064516626 0.987343132
1403636718913555456.000000 5.526758671 -1.003061652 6.994363308 0.016810825 0.166442201 0.075128302 0.983041286
1403636719613555456.000000 5.276571274 -0.828265369 6.728140831 -0.001713580 0.166208640 0.073083647 0.983377099
1403636720313555456.000000 5.115025043 -0.679127753 6.410171032 0.015567016 0.153848946 0.068303920 0.985607803
1403636721213555456.000000 5.029880047 -0.526461780 6.125975609 0.007964099 0.101179674 0.046429824 0.993752241
1403636722163555584.000000 5.078151226 -0.404735327 5.852946281 0.005913211 0.036843210 0.045640938 0.998260736
1403636723063555584.000000 5.073725224 -0.301618189 5.538352013 0.007864650 0.026357217 0.035731934 0.998982787
1403636723563555584.000000 5.039462090 -0.263096452 5.359852314 -0.005589661 0.003038912 0.033634882 0.999413908
1403636724013555456.000000 4.989962101 -0.232711777 5.165961742 0.015534350 -0.025241220 0.014721833 0.999452233
1403636724213555456.000000 4.971215248 -0.193017945 5.091733456 0.023817036 -0.049847901 0.006886239 0.998449028
1403636724313555456.000000 4.964013577 -0.167411938 5.062434196 0.022040669 -0.068156272 0.002643623 0.997427642
1403636725163555584.000000 4.858031273 -0.226207957 4.780355930 0.011928386 -0.114459939 -0.025134072 0.993038237
1403636728313555456.000000 4.614644051 -0.637753725 3.905263186 0.000456725 -0.097466066 0.001161967 0.995238066
1403636729063555584.000000 4.411436558 -0.608986259 3.637951612 -0.003032304 -0.045709863 0.020676469 0.998736143
1403636729313555456.000000 4.346219063 -0.578963518 3.536481380 -0.000148026 -0.032024391 0.023128401 0.999219418
1403636729663555584.000000 4.242261887 -0.527060449 3.378906727 0.000390664 -0.027933337 0.022286883 0.999361217
1403636729913555456.000000 4.157382488 -0.519874692 3.253441334 0.008827018 -0.028705433 0.019521764 0.999358296
1403636730263555584.000000 4.048578739 -0.462122649 3.088445425 0.014784228 -0.027497113 0.019387083 0.999324501
1403636730463555584.000000 3.981424809 -0.415549666 3.012088537 0.019604873 -0.025853457 0.017760208 0.999315679
1403636730613555456.000000 3.936615705 -0.394766718 2.954133749 0.030814249 -0.025178283 0.017566780 0.999053538
1403636730813555456.000000 3.873136282 -0.395031124 2.887789726 0.034569923 -0.024685040 0.017760500 0.998939514
1403636731013555456.000000 3.813308954 -0.422356158 2.835642815 0.033410460 -0.020389119 0.001741904 0.999232173
1403636731163555584.000000 3.773668766 -0.437866271 2.816063404 0.016172487 -0.017668940 -0.011277442 0.999649465
1403636731413555456.000000 3.744079351 -0.432671458 2.785382748 0.007140962 -0.026160475 0.008390645 0.999597013
1403636732063555584.000000 3.732103348 -0.314733326 2.730991602 0.005283993 -0.025225138 0.010949784 0.999607861
1403636732463555584.000000 3.749711275 -0.209983096 2.694947720 -0.002136242 -0.028646400 0.027103208 0.999219835
1403636733163555584.000000 3.664971113 -0.166468829 2.459368944 -0.003747509 -0.025484109 0.031293545 0.999178290
1403636733413555456.000000 3.599677801 -0.173499241 2.324897528 0.004003342 -0.021648459 0.027654577 0.999375105
1403636733663555584.000000 3.523609877 -0.192493320 2.182611465 0.011940081 -0.019441836 0.023074439 0.999473393
1403636733813555456.000000 3.474860191 -0.190906614 2.107346058 0.015661700 -0.019278213 0.023975126 0.999403954
1403636734213555456.000000 3.341834545 -0.147477001 1.927751422 0.004536882 -0.021235788 0.026486017 0.999413311
1403636734613555456.000000 3.199758530 -0.147202060 1.724279523 0.015587580 -0.015121448 0.020492306 0.999554098
1403636734963555584.000000 3.085564852 -0.112092540 1.578832626 0.019837454 -0.011519724 0.022728454 0.999478459
1403636735713555456.000000 2.866478682 -0.114114657 1.345463395 0.017707573 -0.022893593 0.013611374 0.999488413
1403636736263555584.000000 2.734382629 -0.190113083 1.235170484 0.008781084 0.000363991 0.024354110 0.999664783
1403636736513555456.000000 2.691294909 -0.227946118 1.184734106 0.006719365 0.018101886 0.041584563 0.998948395
1403636737213555456.000000 2.479971170 -0.173490942 1.072803617 0.004718395 0.037895050 0.041332424 0.998415411
1403636737863555584.000000 2.265939713 -0.154486403 0.935339451 0.024140736 0.052127130 0.025553221 0.998021543
1403636738813555456.000000 2.157802343 -0.313680679 0.854035914 0.018382968 -0.009442118 0.005040512 0.999773741
1403636740913555456.000000 2.560681105 0.098484859 1.008924007 0.005411485 -0.227458119 -0.055165179 0.972208977
1403636743163555584.000000 2.795643806 0.690800905 1.205436707 0.026166864 -0.241184145 -0.069673724 0.967621326
1403636744013555456.000000 3.030981302 0.835468948 1.492550373 0.004195618 -0.271112114 -0.067997128 0.960133851
1403636744413555456.000000 3.145764112 0.999366164 1.693064451 -0.006106849 -0.291571021 -0.083692200 0.952861309
1403636744663555584.000000 3.212689638 1.148482800 1.807205796 -0.015420700 -0.286761135 -0.096841574 0.952970088
1403636744763555584.000000 3.244821072 1.216854453 1.849012852 -0.016441761 -0.289180964 -0.088608161 0.953022897
1403636744963555584.000000 3.301929235 1.342034578 1.914161444 -0.004007955 -0.291838288 -0.078264251 0.953251839
1403636745063555584.000000 3.326671600 1.395494580 1.939443469 0.004120758 -0.289449066 -0.078473814 0.953962326
1403636745263555584.000000 3.381210804 1.474344254 1.983785629 0.012286236 -0.280667096 -0.078582972 0.956503928
1403636745613555456.000000 3.474148035 1.537321091 2.049576521 -0.006273331 -0.278450817 -0.067463666 0.958057642
1403636746213555456.000000 3.550250530 1.467440009 2.080619574 -0.000097061 -0.317599267 -0.057078820 0.946505547
1403636746413555456.000000 3.530427933 1.409119725 2.084632158 -0.021842889 -0.321763605 -0.054131404 0.945018947
1403636747513555456.000000 3.370416641 1.249943495 2.196265459 0.008018102 -0.305197388 -0.071799934 0.949544668
1403636748113555456.000000 3.301504374 1.025636196 2.294305086 -0.003098777 -0.307335556 -0.109457910 0.945279956
1403636748663555584.000000 3.296824217 0.874033988 2.380858183 0.003078952 -0.317474008 -0.085431136 0.944405794
1403636749263555584.000000 3.324017525 0.722645223 2.443422556 -0.009283294 -0.323569089 -0.108436555 0.939924657
1403636749413555456.000000 3.346580505 0.687720895 2.439264536 -0.004939944 -0.330661327 -0.093857162 0.939057767
1403636749613555456.000000 3.372434139 0.624950826 2.423481941 0.001044887 -0.336463034 -0.076440319 0.938588500
1403636749863555584.000000 3.393422604 0.567815781 2.414539337 -0.012435935 -0.332365990 -0.074909359 0.940088689
1403636750513555456.000000 3.338767529 0.483603925 2.345318794 -0.004789552 -0.311449260 -0.076178372 0.947192311
1403636750713555456.000000 3.302842855 0.406553656 2.292699099 -0.001442055 -0.305885404 -0.072550431 0.949298918
1403636751113555456.000000 3.210742712 0.202635825 2.169589281 0.007745215 -0.304414332 -0.067849837 0.950088561
1403636751813555456.000000 3.065621853 -0.079782821 2.040885448 0.012577422 -0.282508969 -0.100720569 0.953879356
1403636752063555584.000000 3.058230639 -0.157813400 2.003045559 0.027186800 -0.281799048 -0.081801854 0.955593348
1403636752313555456.000000 3.065412283 -0.237309903 1.990253091 0.006110522 -0.270764083 -0.068451285 0.960189521
1403636752463555584.000000 3.072318077 -0.295998722 1.976709962 -0.001238398 -0.248288631 -0.059711065 0.966843188
1403636752863555584.000000 3.069791317 -0.427862823 1.933083177 0.009171319 -0.166333139 -0.027103152 0.985654414
1403636753313555456.000000 3.039879799 -0.446165264 1.922252536 0.013161786 -0.063885167 0.033115998 0.997320831
1403636753563555584.000000 3.005732059 -0.435073256 1.918666720 0.008721828 -0.018685460 0.034488663 0.999192357
1403636754463555584.000000 2.768540382 -0.471817821 1.858801007 -0.008726610 -0.020755745 0.034029528 0.999167144
1403636754663555584.000000 2.692107439 -0.480216920 1.802568197 -0.003652600 -0.002909783 0.043203279 0.999055386
1403636754863555584.000000 2.605567694 -0.465734929 1.743112803 -0.002283711 0.028805293 0.050992358 0.998280942
1403636755013555456.000000 2.535262823 -0.440203249 1.701537609 -0.002165032 0.044458207 0.057495087 0.997353017
1403636755563555584.000000 2.260837078 -0.397762299 1.483613729 0.022687472 0.057448111 0.061058797 0.996221244
1403636756063555584.000000 1.973885179 -0.355298638 1.320380092 0.007231414 0.056119043 0.052187365 0.997033000
1403636756363555584.000000 1.792085290 -0.347546905 1.212051511 0.002820797 0.056912094 0.053644277 0.996932983
1403636756663555584.000000 1.609574914 -0.309631407 1.105114341 0.000962113 0.059764750 0.053806081 0.996760845
1403636756913555456.000000 1.459290504 -0.282725632 0.997696996 -0.001360505 0.062726036 0.053735849 0.996582210
1403636757163555584.000000 1.305831194 -0.275502354 0.871447504 0.000556463 0.064845264 0.051830787 0.996548235
1403636757263555584.000000 1.248754740 -0.261828184 0.820744574 0.000338086 0.065190487 0.052428272 0.996494532
1403636757413555456.000000 1.163571954 -0.224728450 0.745773315 0.003255888 0.064579472 0.056450211 0.996309340
1403636757563555584.000000 1.075594425 -0.192053407 0.668798745 0.012118917 0.067648970 0.063217975 0.995630562
1403636757663555584.000000 1.015541077 -0.175572246 0.613437891 0.024258576 0.074251920 0.066883095 0.994698346
1403636757813555456.000000 0.917328000 -0.166120186 0.537109017 0.039552260 0.084642172 0.069703691 0.993183136
1403636757913555456.000000 0.849478602 -0.173417613 0.488692701 0.042156406 0.090579502 0.069064856 0.992596686
1403636758013555456.000000 0.781243384 -0.190643296 0.440552235 0.031808883 0.095635921 0.067085423 0.992643714
1403636758113555456.000000 0.711317718 -0.202638045 0.405689657 0.017769419 0.099904895 0.064119957 0.992769778
1403636758263555584.000000 0.612278521 -0.210136235 0.352929473 0.005537950 0.103381760 0.061279435 0.992736816
1403636758463555584.000000 0.482068866 -0.195502251 0.285653532 0.021473719 0.106415220 0.053275973 0.992661238
1403636758563555584.000000 0.422295153 -0.179651305 0.257690638 0.044502523 0.109776586 0.041943569 0.992073238
1403636758863555584.000000 0.264002383 -0.139492035 0.221531987 0.022248406 0.107756115 0.041246582 0.993072152
1403636759063555584.000000 0.178170890 -0.111355782 0.217445299 0.007158763 0.105191290 0.048256364 0.993254662
1403636759213555456.000000 0.122574352 -0.085372202 0.214847594 0.007736120 0.115465492 0.019945955 0.993081093
1403636759313555456.000000 0.096097231 -0.064658709 0.212580785 0.008725422 0.119483083 0.009068294 0.992756486
1403636759463555584.000000 0.074501336 -0.022100890 0.216058463 0.004536531 0.112811320 0.031774946 0.993097842
1403636759963555584.000000 0.059751194 0.074409388 0.185615361 0.011780100 0.106474541 0.059472214 0.992465317
1403636760113555456.000000 0.058762148 0.093940280 0.167495951 0.025474217 0.105800658 0.058593176 0.992332637
1403636760313555456.000000 0.056736987 0.120010987 0.154465735 0.010577243 0.106654018 0.054745410 0.992731571
1403636760463555584.000000 0.058000274 0.145255819 0.147931248 0.000924622 0.105584778 0.058401998 0.992693424
1403636760563555584.000000 0.059238665 0.166306585 0.142350778 0.007302511 0.104807474 0.061871074 0.992539167
1403636760863555584.000000 0.056957908 0.220620006 0.121403985 0.012938357 0.102592058 0.072980419 0.991958320
1403636761113555456.000000 0.039743111 0.262603611 0.102238968 0.025557084 0.105361059 0.068665989 0.991731226
1403636761313555456.000000 0.015452214 0.292025030 0.093735665 0.046148013 0.105044566 0.070174672 0.990914464
1403636761413555456.000000 -0.000245803 0.297346115 0.096576184 0.036296178 0.105940543 0.068513066 0.991345108
1403636761613555456.000000 -0.035500750 0.295556724 0.108631432 0.009770850 0.106203176 0.064966485 0.992171764
1403636761863555584.000000 -0.076352760 0.281831831 0.114123076 0.008224486 0.112824909 0.039788295 0.992783844
1403636762163555584.000000 -0.094475977 0.263339043 0.113984667 0.004820073 0.096262015 0.082560554 0.991914392
1403636762313555456.000000 -0.110861331 0.256384075 0.108246759 0.025689475 0.094299823 0.083592139 0.991695464
1403636762463555584.000000 -0.138400331 0.262888998 0.111176223 0.039416425 0.098589510 0.068389684 0.991992593
1403636762513555456.000000 -0.149289250 0.266575724 0.115737714 0.036531404 0.103682429 0.053561334 0.992495120
1403636762913555456.000000 -0.184835643 0.320148349 0.151306733 -0.030904375 0.110420264 0.032384939 0.992876351
1403636763313555456.000000 -0.150598183 0.344998717 0.154977188 -0.004926279 0.068337761 0.009597766 0.997603893
