1403636858651666432.000000 0.000000000 0.000000000 0.000000000 0.000000000 0.000000000 0.000000000 1.000000000
1403636859151666432.000000 0.039327007 -0.055102415 -0.020623093 0.014976081 -0.021679988 0.001199032 0.999652088
1403636860301666560.000000 0.078828752 -0.289045930 -0.074394859 0.022893207 -0.072920263 0.011614799 0.997007310
1403636862001666560.000000 0.095594049 -0.198911369 -0.065622702 0.054996844 -0.055490363 0.006020833 0.996925235
1403636863051666432.000000 0.082758971 -0.469822556 -0.133681923 0.031975154 -0.073765934 0.005468729 0.996747851
1403636863651666432.000000 0.096607141 -0.169909641 -0.058204111 0.060043570 -0.076709785 0.007605506 0.995214820
1403636864501666560.000000 0.082724534 -0.437697351 -0.131873131 0.047820676 -0.076236770 0.003853243 0.995934904
1403636864801666560.000000 0.082945295 -0.428389460 -0.123098508 0.022916127 -0.080775358 0.012285506 0.996393144
1403636864901666560.000000 0.084781624 -0.375412583 -0.107346989 0.032285817 -0.081623033 0.012960428 0.996055901
1403636865901666560.000000 0.074747540 -0.327220529 -0.088877633 0.058206972 -0.068710096 -0.004822087 0.995925486
1403636866151666432.000000 0.065835200 -0.475771159 -0.127979636 -0.005262420 -0.074242905 -0.004170862 0.997217596
1403636866201666560.000000 0.065268204 -0.493689001 -0.134824246 -0.011624547 -0.075399376 -0.001724794 0.997084141
1403636866451666432.000000 0.068569548 -0.468314081 -0.128785372 0.004339073 -0.086310625 0.008986603 0.996218324
1403636867601666560.000000 0.080441140 -0.207864195 -0.134110823 0.146352977 -0.052812580 -0.001584221 0.987820387
1403636867751666432.000000 0.078115597 -0.195242405 -0.150370970 0.228369236 -0.052600995 -0.007527776 0.972123444
1403636867951666432.000000 0.079364233 -0.192218482 -0.159234121 0.295874715 -0.060396902 -0.020791607 0.953088701
1403636869951666432.000000 0.135951653 -0.208938777 -0.188813820 0.249304786 -0.073678941 -0.026981154 0.965241194
1403636870151666432.000000 0.233707085 -0.217964038 -0.175374269 0.252288610 -0.089276537 -0.034753297 0.962897897
1403636870451666432.000000 0.387275666 -0.231193259 -0.158776402 0.243814945 -0.107516475 -0.034871139 0.963212609
1403636870801666560.000000 0.497895390 -0.226759613 -0.145277187 0.244957447 -0.124542989 -0.047024813 0.960350752
1403636872251666432.000000 0.047477350 -0.208881214 -0.123999573 0.237111494 -0.064465083 -0.044806086 0.968305111
1403636872451666432.000000 -0.027478719 -0.196927458 -0.120183602 0.251084417 -0.048334744 -0.040386196 0.965913713
1403636873501666560.000000 0.324277937 -0.209552467 -0.117653541 0.251922369 -0.095385402 -0.052353501 0.961611092
1403636873801666560.000000 0.455814600 -0.197778851 -0.125481457 0.262520134 -0.113259844 -0.057635572 0.956521571
1403636874751666432.000000 0.222405419 -0.192553923 -0.103332095 0.258619905 -0.081983157 -0.048326984 0.961279869
1403636875301666560.000000 0.010732962 -0.173925608 -0.064826824 0.214249566 -0.104509823 -0.070439763 0.968613982
1403636875551666432.000000 -0.026551943 -0.157593265 -0.097547181 0.216556400 -0.132173300 -0.119381957 0.959886193
1403636875751666432.000000 -0.014268423 -0.136336058 -0.168970048 0.217526108 -0.152752429 -0.136606678 0.954299569
1403636875801666560.000000 -0.004906975 -0.129973218 -0.188361153 0.216907173 -0.161211878 -0.139479652 0.952631831
1403636875901666560.000000 0.017953467 -0.117305137 -0.226944134 0.218146592 -0.181445286 -0.146454230 0.947650135
1403636876001666560.000000 0.049912825 -0.109564088 -0.264698654 0.218087092 -0.204836950 -0.155334279 0.941462219
1403636876201666560.000000 0.138234153 -0.107195511 -0.310989588 0.203754842 -0.261577159 -0.165233329 0.928848386
1403636876501666560.000000 0.309594363 -0.120009847 -0.290629238 0.208469465 -0.305602729 -0.174858838 0.912453771
1403636876701666560.000000 0.417530090 -0.151070312 -0.216602340 0.192163080 -0.304834306 -0.151285410 0.920468450
1403636876951666432.000000 0.455092043 -0.198289931 -0.088719837 0.181506962 -0.255561292 -0.110948473 0.943098128
1403636877101666560.000000 0.412998617 -0.220223144 -0.012332953 0.176304117 -0.203495860 -0.086715423 0.959159374
1403636877201666560.000000 0.362713933 -0.230563417 0.030625504 0.176486641 -0.161103904 -0.068850614 0.968585372
1403636877301666560.000000 0.298218697 -0.238485619 0.062502779 0.178336680 -0.119987465 -0.052894663 0.975192904
1403636877451666432.000000 0.192427143 -0.239859238 0.081659831 0.184749216 -0.063733399 -0.029905148 0.980260909
1403636877601666560.000000 0.093306549 -0.225297034 0.068247117 0.198819548 -0.020177901 -0.020222139 0.979619682
1403636877751666432.000000 0.017016796 -0.201185465 0.026321799 0.213915735 0.002217626 -0.024577359 0.976540387
1403636877851666432.000000 -0.017965561 -0.185457617 -0.015316253 0.223906383 0.002135920 -0.031085495 0.974112451
1403636877951666432.000000 -0.039353706 -0.167308539 -0.058882706 0.234613881 -0.009007208 -0.036823787 0.971349180
1403636878051666432.000000 -0.046391763 -0.147430941 -0.104126655 0.241445452 -0.029490249 -0.044301562 0.968953967
1403636878151666432.000000 -0.035245035 -0.127558932 -0.145018026 0.241015896 -0.055443116 -0.053671148 0.967448592
1403636878251666432.000000 -0.008500217 -0.111121543 -0.183326453 0.236549154 -0.081618167 -0.064885177 0.966008723
1403636878351666432.000000 0.031152746 -0.097705327 -0.216996342 0.230222955 -0.104947113 -0.081168287 0.964051485
1403636878401666560.000000 0.055690557 -0.093662143 -0.230919465 0.228824511 -0.117955133 -0.088610530 0.962223530
1403636878501666560.000000 0.112055175 -0.089332528 -0.252403200 0.225739881 -0.145036176 -0.099737972 0.958153605
1403636878651666432.000000 0.204661652 -0.097975127 -0.263438135 0.219638601 -0.187650502 -0.109725095 0.951055527
1403636879151666432.000000 0.453171521 -0.176522464 -0.153996736 0.198462576 -0.227483094 -0.112569362 0.946674287
1403636879901666560.000000 0.215676025 -0.262167841 0.004221382 0.185256049 -0.075568169 -0.049431071 0.978532672
1403636882701666560.000000 0.253671855 -0.167755917 -0.074472442 0.116257899 -0.070195593 -0.018784763 0.990557313
1403636882851666432.000000 0.228901431 -0.155113593 -0.040381972 0.071661115 -0.034108981 -0.008525634 0.996809185
1403636883451666432.000000 0.173883170 -0.061962768 0.091066673 0.028940475 0.054058231 0.028809270 0.997702479
1403636883901666560.000000 0.168958113 -0.043565433 0.114506483 0.009357826 0.084570616 0.035526212 0.995739996
1403636897651666432.000000 0.207972541 -0.029163146 0.074818619 0.023160374 0.072297096 0.052892040 0.995710373
1403636897801666560.000000 0.228070512 -0.036677517 0.048932441 0.047141999 0.064757429 0.064803116 0.994678199
1403636897901666560.000000 0.238742799 -0.051361702 0.032957274 0.056950465 0.063317962 0.069183275 0.993962348
1403636897951666432.000000 0.243129924 -0.061590496 0.027167920 0.053912781 0.064341016 0.069644071 0.994033873
1403636898001666560.000000 0.247005209 -0.071918279 0.022484243 0.047820050 0.065661848 0.070421778 0.994204462
1403636898101666560.000000 0.252453923 -0.086687654 0.017881820 0.037379112 0.069402575 0.068821631 0.994509757
1403636898251666432.000000 0.258786172 -0.106369324 0.015924087 0.031593852 0.074884571 0.068999879 0.994300306
1403636898451666432.000000 0.261382610 -0.143984705 0.014552819 0.032274246 0.081719443 0.070888780 0.993607104
1403636898651666432.000000 0.259012103 -0.188997418 0.017756555 0.033262771 0.087463036 0.072795905 0.992947400
1403636898951666432.000000 0.247709066 -0.250099033 0.041815646 0.037066523 0.094977662 0.066848986 0.992540419
1403636899151666432.000000 0.242608562 -0.285544664 0.074767597 0.033204075 0.085546166 0.054252025 0.994301796
1403636899301666560.000000 0.247570157 -0.312548518 0.108296238 0.017561311 0.059782814 0.046528243 0.996971786
1403636899401666560.000000 0.255867720 -0.329487532 0.130855873 0.008518727 0.034987472 0.040949050 0.998512149
1403636899451666432.000000 0.261120200 -0.337128282 0.141463310 0.006831254 0.023191154 0.036251541 0.999050200
1403636899501666560.000000 0.266043156 -0.343480915 0.151123419 0.009247664 0.013649952 0.029168503 0.999438524
1403636899601666560.000000 0.278089434 -0.354873896 0.168956071 0.017730938 -0.001405266 0.018438354 0.999671757
1403636899851666432.000000 0.319684952 -0.382936805 0.208608612 0.027305860 -0.025509320 0.013114582 0.999215543
1403636900001666560.000000 0.353594333 -0.395414233 0.236298293 0.020853978 -0.033487346 0.020940417 0.999002099
1403636900201666560.000000 0.399667263 -0.416540593 0.270485133 0.005756672 -0.034964319 0.025695270 0.999041617
1403636900351666432.000000 0.429694504 -0.449809164 0.283181995 0.010996932 -0.032647423 0.027387714 0.999031067
1403636900501666560.000000 0.461966366 -0.494650483 0.289003640 0.022327088 -0.027717726 0.029121993 0.998942018
1403636900751666432.000000 0.514703870 -0.547957540 0.304936945 0.039210174 -0.020579753 0.027935479 0.998628378
1403636900901666560.000000 0.546520829 -0.567097247 0.326089174 0.038438287 -0.014842458 0.018266410 0.998983741
1403636901051666432.000000 0.588040829 -0.579780519 0.358394653 0.031771492 -0.011342715 0.011026653 0.999369979
1403636901251666432.000000 0.655363917 -0.585773587 0.411467701 0.027970858 -0.010834705 0.010055667 0.999499440
1403636901351666432.000000 0.695750713 -0.596671343 0.436613023 0.026814889 -0.012315878 0.014267499 0.999462724
1403636901451666432.000000 0.741816521 -0.615690053 0.463463455 0.026256597 -0.014175800 0.019557068 0.999363363
1403636901651666432.000000 0.833262026 -0.656449139 0.510929286 0.022927925 -0.017870255 0.027448596 0.999200463
1403636901751666432.000000 0.880692661 -0.666681886 0.538523078 0.020416718 -0.017273873 0.025449131 0.999318302
1403636901901666560.000000 0.953943074 -0.672873735 0.581001520 0.020213051 -0.017501986 0.027325083 0.999268949
1403636902151666432.000000 1.072739124 -0.675860584 0.657279134 0.019324394 -0.017142043 0.031158255 0.999180615
1403636902501666560.000000 1.240704298 -0.680439293 0.746259630 0.022726983 -0.020194702 0.027906243 0.999148071
1403636902951666432.000000 1.447763801 -0.652811885 0.872583389 0.015419922 -0.027467147 0.034091011 0.998922229
1403636903651666432.000000 1.703139424 -0.808802426 0.977334142 0.028033523 -0.016969459 0.038154367 0.998734415
1403636904301666560.000000 1.931797981 -0.956336200 1.119057894 0.025853956 -0.009585303 0.015683593 0.999496758
1403636904801666560.000000 2.166628838 -1.086913109 1.229150057 0.023170188 -0.021809153 0.029517103 0.999057651
1403636905501666560.000000 2.490136862 -1.213456750 1.403914094 0.030355623 -0.032235522 0.043330982 0.998079062
1403636906151666432.000000 2.656096458 -1.282055140 1.613536358 0.041605301 -0.010724670 0.046451945 0.997996092
1403636906851666432.000000 2.770285606 -1.392570138 1.920884967 0.026936369 -0.004898414 0.036621056 0.998954117
1403636907651666432.000000 2.913678169 -1.520981550 2.292398930 0.042625234 0.007702076 0.026046857 0.998721838
1403636908251666432.000000 3.080812693 -1.691497445 2.653996944 0.023434006 0.009524623 0.042979725 0.998755634
1403636908601666560.000000 3.179314375 -1.747910619 2.886814833 0.026826490 0.016445104 0.046205085 0.998436272
1403636908951666432.000000 3.274709702 -1.844455361 3.097824335 0.040821802 0.022754222 0.042499941 0.998002827
1403636909101666560.000000 3.311847925 -1.907260895 3.191037893 0.041403364 0.023994157 0.038161177 0.998125136
1403636909401666560.000000 3.397950172 -2.009089708 3.405345678 0.039792761 0.022268437 0.037115052 0.998270094
1403636909701666560.000000 3.493797779 -2.071314335 3.649206638 0.027727623 0.019318447 0.033506252 0.998867035
1403636909851666432.000000 3.548669815 -2.085022211 3.774806976 0.015462589 0.014291829 0.045318559 0.998750687
1403636909951666432.000000 3.584667444 -2.088018179 3.861475229 0.010021270 0.008464725 0.061759066 0.998004854
1403636910101666560.000000 3.631173134 -2.087242603 3.976924419 0.004265832 0.007381906 0.066229761 0.997767985
1403636910201666560.000000 3.655292988 -2.086078644 4.051741600 0.012029464 0.011493940 0.056068186 0.998288333
1403636910301666560.000000 3.673669338 -2.092413187 4.120606899 0.018879224 0.013857333 0.050430391 0.998452961
1403636910501666560.000000 3.707323313 -2.124669790 4.246850967 0.024823640 0.017146712 0.048019085 0.998390675
1403636910901666560.000000 3.766745329 -2.173871756 4.501466274 0.027796028 0.020044429 0.046167504 0.998345733
1403636911151666432.000000 3.801555157 -2.191725969 4.662900925 0.006012693 0.023361605 0.039686028 0.998920977
1403636911301666560.000000 3.823409557 -2.216918468 4.743740559 0.020038206 0.021018522 0.044678424 0.998579264
1403636911401666560.000000 3.840017080 -2.243102312 4.793038368 0.022902608 0.019847836 0.047493353 0.998411715
1403636911601666560.000000 3.866215706 -2.302208185 4.888278961 0.024576023 0.018531334 0.049311183 0.998309076
1403636911851666432.000000 3.893959522 -2.351308584 5.012949467 0.024753354 0.020312257 0.039954867 0.998688281
1403636912101666560.000000 3.932818174 -2.371474743 5.148483276 0.030558813 0.020538514 0.031740125 0.998817742
1403636912401666560.000000 3.997509956 -2.415211439 5.312043667 0.025634399 0.017012045 0.040167049 0.998719215
1403636912551666432.000000 4.028646469 -2.440829754 5.394570827 0.025486816 0.017962426 0.033096831 0.998965621
1403636912701666560.000000 4.065100670 -2.454606056 5.480851173 0.026128862 0.019094478 0.025496813 0.999150932
1403636912951666432.000000 4.146871567 -2.457213402 5.629389763 0.020945910 0.017949430 0.026407136 0.999270618
1403636913001666560.000000 4.164405823 -2.454050303 5.661528587 0.017741565 0.016345361 0.030526198 0.999242842
1403636913101666560.000000 4.204106808 -2.451006651 5.721337318 0.013146388 0.014741388 0.035699647 0.999167323
1403636913201666560.000000 4.243669033 -2.448845387 5.777134895 0.008896210 0.013797829 0.039514054 0.999084115
1403636913401666560.000000 4.323140144 -2.463779688 5.874340057 0.016109219 0.015482375 0.036242887 0.999093235
1403636913551666432.000000 4.383326530 -2.485185146 5.938372612 0.020749886 0.016127350 0.032408431 0.999129117
1403636913701666560.000000 4.448095322 -2.496182919 6.004389286 0.021752419 0.013592640 0.036941443 0.998988211
1403636913851666432.000000 4.513468742 -2.504173517 6.072198868 0.020769969 0.012295321 0.039843552 0.998914361
1403636914301666560.000000 4.705477238 -2.577769518 6.239930630 0.020817805 0.013183391 0.036987219 0.999011874
1403636914651666432.000000 4.858884811 -2.634766817 6.359086037 0.017487172 0.009478962 0.045737606 0.998755455
1403636914851666432.000000 4.937621117 -2.688854694 6.412327766 0.016572561 0.007819922 0.046237335 0.998762369
1403636915301666560.000000 5.098988056 -2.731267214 6.543699741 0.036876336 0.003270413 0.046847630 0.998215795
1403636915551666432.000000 5.174736977 -2.735934496 6.640867233 0.034348562 0.006098043 0.038378507 0.998654127
1403636915851666432.000000 5.265537739 -2.796534300 6.753560066 0.019190267 0.012583897 0.023867983 0.999451697
1403636916051666432.000000 5.341146946 -2.856081009 6.817848682 0.017544203 0.009354946 0.036439959 0.999138057
1403636916401666560.000000 5.473899841 -2.934362888 6.919682503 0.019323707 0.007441635 0.046667077 0.998695850
1403636916651666432.000000 5.563899994 -2.987789869 6.986847878 0.018022014 -0.021758564 0.044405084 0.998614013
1403636916951666432.000000 5.650431156 -3.008457661 7.076144695 0.015934186 -0.047576021 0.037096910 0.998051345
1403636917301666560.000000 5.725171566 -2.975582838 7.182229042 0.014219085 -0.063890047 0.022565404 0.997600436
1403636917401666560.000000 5.744965553 -2.956688166 7.218260288 0.013257674 -0.082722582 0.019229636 0.996298850
1403636917551666432.000000 5.778310299 -2.919834375 7.260543823 0.011896534 -0.109926008 0.009936185 0.993818939
1403636917701666560.000000 5.802534103 -2.896714926 7.302585602 0.009738936 -0.127343714 0.001638430 0.991809487
1403636917801666560.000000 5.815262794 -2.885861397 7.324199200 0.008475265 -0.137275979 -0.000710851 0.990496337
1403636918151666432.000000 5.845016479 -2.877584219 7.378153324 0.011894021 -0.154852927 -0.000830698 0.987865567
1403636918501666560.000000 5.840846539 -2.882461548 7.414447784 0.036414742 -0.155040666 0.003226491 0.987231433
1403636918851666432.000000 5.798999786 -2.991892576 7.463031292 0.023702994 -0.141307294 -0.017171951 0.989533007
1403636919001666560.000000 5.784142017 -3.061899185 7.488772392 0.009318153 -0.142801017 -0.034233212 0.989115357
1403636919101666560.000000 5.781507015 -3.106453657 7.503866196 0.004138821 -0.147062868 -0.041588221 0.988243818
1403636919251666432.000000 5.791801929 -3.175352335 7.510426998 0.001440444 -0.154237688 -0.043512121 0.987074137
1403636919401666560.000000 5.811647415 -3.237519741 7.515469074 0.000156734 -0.163756371 -0.041149944 0.985642195
1403636919501666560.000000 5.829313278 -3.270836353 7.514225960 0.001048273 -0.171762303 -0.032003731 0.984617889
1403636919601666560.000000 5.849814415 -3.298052073 7.514836311 0.002540429 -0.179014891 -0.021631047 0.983605266
1403636919751666432.000000 5.882936001 -3.321351290 7.505907536 0.001174262 -0.183080196 -0.016427318 0.982960045
1403636920001666560.000000 5.929805756 -3.330879450 7.496507168 -0.004278690 -0.180920586 -0.023931723 0.983197153
1403636920401666560.000000 6.008111000 -3.269185066 7.449822903 -0.005994781 -0.180119753 -0.017731080 0.983466625
1403636920701666560.000000 6.059300423 -3.226369858 7.373914242 0.013403912 -0.182168543 -0.011316392 0.983110845
1403636921901666560.000000 6.151780128 -3.137492657 7.076634407 0.037980150 -0.183348358 -0.032083753 0.981789947
1403636922601666560.000000 6.242214203 -3.023695230 6.991447926 0.036893979 -0.226558268 -0.029531173 0.972850502
1403636923451666432.000000 6.309699059 -2.907642365 6.931070328 0.024537453 -0.286653936 -0.057659887 0.955982625
1403636924051666432.000000 6.393970966 -2.871690989 6.922908306 0.049295321 -0.298350960 -0.059700515 0.951310933
1403636924751666432.000000 6.567882061 -2.942728043 7.142769814 0.002632207 -0.282201827 -0.081605755 0.955874324
1403636925301666560.000000 6.812765598 -2.912350893 7.279627323 0.019982904 -0.315535009 -0.064287111 0.946522832
1403636925801666560.000000 7.048698902 -2.852643490 7.421484470 0.064890340 -0.326294601 -0.069771029 0.940453649
1403636926301666560.000000 7.312652588 -2.961823463 7.682340622 -0.008079041 -0.321449697 -0.069281384 0.944354236
1403636927051666432.000000 7.644718647 -2.959659100 7.923777580 0.006058159 -0.343341500 -0.096145935 0.934256852
1403636927501666560.000000 7.879744053 -2.931295872 7.975486279 0.029714208 -0.424046159 -0.116774611 0.897588789
1403636927951666432.000000 8.158340454 -2.935822248 8.063409805 0.048357435 -0.442218751 -0.126249149 0.886659622
1403636928351666432.000000 8.460480690 -2.936935663 8.225458145 0.006098789 -0.442474246 -0.114051707 0.889478266
1403636928851666432.000000 8.822932243 -2.963570833 8.405504227 0.025683902 -0.440628976 -0.109673813 0.890594244
1403636929201666560.000000 9.058924675 -3.083785772 8.506904602 -0.009188481 -0.437365234 -0.114691801 0.891892910
1403636929651666432.000000 9.329562187 -3.200791836 8.581620216 0.002584763 -0.437094241 -0.105596647 0.893191636
1403636930301666560.000000 9.653013229 -3.272137403 8.642013550 0.000961169 -0.432892084 -0.114702262 0.894117951
1403636931001666560.000000 9.926977158 -3.345424175 8.613313675 -0.012124987 -0.435324132 -0.132618353 0.890369713
1403636931201666560.000000 10.013996124 -3.317948580 8.579366684 -0.015537885 -0.456990600 -0.123380609 0.880735695
1403636931351666432.000000 10.073019981 -3.314152241 8.535055161 -0.018598549 -0.470407039 -0.109988265 0.875370741
1403636931501666560.000000 10.119024277 -3.316334963 8.476133347 -0.011055389 -0.479689807 -0.098196641 0.871856034
1403636931601666560.000000 10.138875961 -3.322214365 8.437822342 -0.003699898 -0.485490620 -0.089045011 0.869687378
1403636932051666432.000000 10.155204773 -3.300304890 8.292207718 0.000375037 -0.481122673 -0.114883773 0.869092941
1403636932551666432.000000 10.091510773 -3.236593962 8.149804115 -0.004734599 -0.501630783 -0.094888166 0.859849036
1403636932901666560.000000 9.954613686 -3.286473274 8.021479607 -0.008001011 -0.534338772 -0.123977616 0.836090684
1403636933951666432.000000 9.472027779 -3.154099941 7.803698063 -0.003711010 -0.561458826 -0.147034913 0.814328492
1403636934301666560.000000 9.336668015 -3.105128050 7.738405228 -0.006942450 -0.609670222 -0.163689554 0.775538325
1403636934501666560.000000 9.252710342 -3.062962532 7.702851295 -0.016518621 -0.646424532 -0.189224064 0.738956511
1403636934651666432.000000 9.190206528 -3.032538176 7.661340237 -0.018544642 -0.674488962 -0.201266065 0.710079372
1403636934701666560.000000 9.163437843 -3.030548573 7.647027493 -0.015457406 -0.682102561 -0.205415949 0.701641977
1403636934851666432.000000 9.095304489 -3.023707867 7.600439072 0.000030013 -0.698598683 -0.210297585 0.683911443
1403636935101666560.000000 8.983904839 -3.051399469 7.502648354 0.005960772 -0.707765639 -0.208513796 0.674947619
1403636935351666432.000000 8.885873795 -3.102157354 7.409231663 -0.011317761 -0.704187155 -0.205163062 0.679632664
1403636935651666432.000000 8.760806084 -3.104058743 7.309800625 -0.013801457 -0.697948039 -0.205455735 0.685905218
1403636936001666560.000000 8.615417480 -3.025475264 7.202432632 0.013653137 -0.689228952 -0.224082440 0.688886106
1403636936401666560.000000 8.533430099 -2.905574560 7.067466259 0.009468285 -0.694802999 -0.212472126 0.687033296
1403636936851666432.000000 8.515331268 -2.838495493 6.891071320 0.000718664 -0.703861952 -0.202016070 0.681004643
1403636937601666560.000000 8.481000900 -2.763569832 6.635331631 -0.001036966 -0.709299326 -0.203979701 0.674748600
1403636938001666560.000000 8.476203918 -2.646613598 6.553425312 0.002789853 -0.721909761 -0.175454721 0.669368505
1403636938601666560.000000 8.347154617 -2.507056475 6.531621456 -0.042848680 -0.719870925 -0.233564511 0.652224958
1403636939001666560.000000 8.172586441 -2.450287104 6.382298946 -0.010528170 -0.727888525 -0.222228944 0.648599803
1403636939401666560.000000 8.010727882 -2.370590687 6.206811905 -0.009800365 -0.727437675 -0.212539122 0.652353823
1403636939751666432.000000 7.851257801 -2.314750433 6.041590691 -0.023582889 -0.727341354 -0.195365280 0.657457888
1403636940101666560.000000 7.650766850 -2.239260435 5.883829117 -0.023329500 -0.732691288 -0.208270594 0.647489488
1403636940401666560.000000 7.459944248 -2.126910686 5.754864216 -0.023852013 -0.741329610 -0.219883233 0.633650422
1403636940651666432.000000 7.279322147 -2.034583330 5.641849518 -0.014834221 -0.744933128 -0.229510829 0.626242280
1403636941001666560.000000 7.049124241 -1.967649341 5.436132431 0.003276415 -0.746841311 -0.231089875 0.623550117
1403636941201666560.000000 6.932872295 -1.964513898 5.308782578 -0.000741824 -0.748473942 -0.223938525 0.624209702
1403636941301666560.000000 6.875559807 -1.967642069 5.247241497 -0.004613111 -0.748775423 -0.219935417 0.625253916
1403636941401666560.000000 6.819906235 -1.963253260 5.188169956 -0.006160452 -0.748185992 -0.216351211 0.627193689
1403636941551666432.000000 6.737689972 -1.944473505 5.102655888 -0.006303874 -0.746557713 -0.211863250 0.630655050
1403636941701666560.000000 6.658134460 -1.918348074 5.020529270 -0.004098714 -0.744005919 -0.211465746 0.633814335
1403636941801666560.000000 6.600613117 -1.903207302 4.971127510 -0.003517977 -0.742427170 -0.212542951 0.635307014
1403636941951666432.000000 6.518014431 -1.884669304 4.894996643 -0.002433916 -0.740293264 -0.214964136 0.636985362
1403636942201666560.000000 6.381348133 -1.880856156 4.761301994 -0.009716977 -0.738312721 -0.219211966 0.637766421
1403636942551666432.000000 6.191384792 -1.823400974 4.578608990 -0.018146083 -0.738011897 -0.229785487 0.634198546
1403636942951666432.000000 5.989555836 -1.700423837 4.353464603 -0.005161483 -0.744894683 -0.223641187 0.628561735
1403636943301666560.000000 5.818917751 -1.654613853 4.137419701 -0.009823144 -0.751443803 -0.214783564 0.623781800
1403636943851666432.000000 5.547447205 -1.478458285 3.853124619 -0.008055348 -0.756763935 -0.208580241 0.619465709
1403636944651666432.000000 5.251009941 -1.252261400 3.537956238 0.014083479 -0.733455062 -0.191866800 0.651945174
1403636946451666432.000000 4.827288151 -1.073094606 3.443197250 0.002292890 -0.728110671 -0.197495967 0.656387746
1403636947101666560.000000 4.720810890 -0.862737298 3.588696241 -0.035078533 -0.715595901 -0.248340636 0.651934803
1403636949551666432.000000 5.444431305 -0.616630852 3.862330914 -0.019010121 -0.712976933 -0.203882471 0.670622408
1403636950201666560.000000 5.621334076 -0.654437006 4.056231976 0.011893308 -0.705966592 -0.229869872 0.669798195
1403636951101666560.000000 5.996496677 -0.721576512 4.274938107 -0.007584226 -0.712475717 -0.203935012 0.671365321
1403636951501666560.000000 6.148117065 -0.764701486 4.376986504 0.017384360 -0.706266880 -0.225279689 0.670920193
1403636951651666432.000000 6.216085911 -0.763022959 4.417259216 0.020776404 -0.708259284 -0.220361263 0.670356691
1403636952001666560.000000 6.412253380 -0.805787861 4.499102116 0.018442560 -0.716000080 -0.198316038 0.669084847
1403636952351666432.000000 6.610730171 -0.832693517 4.617137432 -0.006491378 -0.715035737 -0.199275702 0.670052946
1403636952501666560.000000 6.693797588 -0.824721694 4.674221992 -0.010209085 -0.715049386 -0.197076470 0.670642257
1403636952701666560.000000 6.788958549 -0.804801047 4.752237797 -0.005767519 -0.716241479 -0.191328287 0.671087444
1403636953001666560.000000 6.912500381 -0.807007670 4.871729851 0.003632162 -0.709801555 -0.215165019 0.670725405
1403636953151666432.000000 6.971247673 -0.790199518 4.934708118 -0.001570616 -0.706597924 -0.225528136 0.670711577
1403636953301666560.000000 7.041522980 -0.765121281 4.986914158 -0.000380170 -0.706126273 -0.225809664 0.671115160
1403636953451666432.000000 7.109063148 -0.749437273 5.029749393 0.002864732 -0.708552182 -0.217316613 0.671356201
1403636953601666560.000000 7.177987576 -0.748850405 5.068356514 0.008521698 -0.711063862 -0.207268670 0.671829760
1403636953701666560.000000 7.229917049 -0.751082361 5.086964130 0.016669895 -0.710430503 -0.205710679 0.672825158
1403636953751666432.000000 7.256888866 -0.760050297 5.100125313 0.020627910 -0.710416615 -0.204831868 0.672998250
1403636953851666432.000000 7.309551239 -0.778977513 5.122010231 0.026775846 -0.711053908 -0.199481621 0.673715472
1403636953951666432.000000 7.362422466 -0.807625651 5.147182941 0.023400364 -0.709574044 -0.201464221 0.674810529
1403636954151666432.000000 7.472442627 -0.855970502 5.208975315 0.016881337 -0.708123088 -0.203612521 0.675883591
1403636954301666560.000000 7.565970421 -0.885835409 5.258692265 0.018061312 -0.707262516 -0.206337512 0.675927758
1403636954851666432.000000 7.937719822 -1.006271124 5.484355927 0.010148841 -0.717860878 -0.203128114 0.665816545
1403636955001666560.000000 8.047380447 -1.002152920 5.567852020 0.002889558 -0.722844720 -0.200524852 0.661269248
1403636955151666432.000000 8.157650948 -0.997136652 5.650928974 0.006595595 -0.727175057 -0.200050667 0.656622171
1403636955201666560.000000 8.190218925 -1.000092506 5.677921772 0.007416475 -0.728655636 -0.200651035 0.654786348
1403636955351666432.000000 8.289325714 -1.023344278 5.761067867 0.006876475 -0.733452141 -0.201050997 0.649291277
1403636955801666560.000000 8.583266258 -1.076975465 6.031363487 0.007225610 -0.740568519 -0.203367516 0.640427709
1403636956051666432.000000 8.730744362 -1.141161084 6.191330433 -0.012826669 -0.737280369 -0.220236748 0.638552189
1403636956201666560.000000 8.816418648 -1.194992542 6.270308495 -0.023587722 -0.735211849 -0.229557514 0.637346387
1403636956501666560.000000 8.964776993 -1.247618556 6.415419102 -0.001254342 -0.743491709 -0.210953578 0.634599924
1403636956701666560.000000 9.059330940 -1.261298180 6.523749828 -0.019717081 -0.729011059 -0.205074608 0.652762234
1403636956951666432.000000 9.142595291 -1.282735348 6.648608208 -0.022274598 -0.683489740 -0.204409853 0.700401485
1403636957151666432.000000 9.191299438 -1.314824939 6.720942974 -0.005621937 -0.644706786 -0.176051825 0.743859768
1403636957351666432.000000 9.242761612 -1.374018192 6.774276257 0.002381584 -0.612147510 -0.162526697 0.773857117
1403636957551666432.000000 9.271823883 -1.392121553 6.843012810 0.000608952 -0.594499767 -0.159471124 0.788123488
1403636957751666432.000000 9.311651230 -1.394684911 6.902243614 -0.002196595 -0.572038531 -0.157083079 0.805041611
1403636957851666432.000000 9.333367348 -1.392312407 6.933431625 -0.001953965 -0.551059902 -0.155204803 0.819902837
1403636957951666432.000000 9.339989662 -1.379742026 6.971161366 -0.000891391 -0.525760829 -0.147612780 0.837726235
1403636958101666560.000000 9.349743843 -1.363622785 7.025052071 0.000615356 -0.484872073 -0.134083226 0.864245534
1403636958301666560.000000 9.383578300 -1.382553577 7.054043770 0.004520400 -0.440842479 -0.117696211 0.889823079
1403636959351666432.000000 9.603960991 -1.446030974 7.230786324 0.020036327 -0.418926746 -0.090587348 0.903267860
1403636960001666560.000000 9.705095291 -1.399689198 7.423210621 0.013818292 -0.424018711 -0.101001225 0.899897754
1403636960451666432.000000 9.743240356 -1.444876432 7.549989223 0.016809538 -0.430267692 -0.079430938 0.899042726
1403636960851666432.000000 9.729094505 -1.439150214 7.712189674 0.008012701 -0.401138753 -0.084530517 0.912073493
1403636961151666432.000000 9.675186157 -1.433858871 7.834805012 0.009878647 -0.335959136 -0.068360530 0.939340532
1403636961551666432.000000 9.590319633 -1.503312707 7.966475487 0.012240766 -0.256318092 -0.040750109 0.965655565
1403636961751666432.000000 9.545882225 -1.575696111 8.009510994 0.011416812 -0.222385794 -0.030910796 0.974401712
1403636961901666560.000000 9.512030602 -1.635000825 8.035228729 0.013083722 -0.195522770 -0.019465107 0.980418682
1403636962201666560.000000 9.436742783 -1.697573543 8.095181465 0.015011199 -0.129730806 0.001453579 0.991434574
1403636962501666560.000000 9.346904755 -1.805908084 8.126839638 0.014860802 -0.059100293 0.031350270 0.997648954
1403636962701666560.000000 9.278903008 -1.888316631 8.138256073 0.016957149 -0.016714158 0.062758856 0.997744679
1403636962901666560.000000 9.195872307 -1.949664474 8.155429840 0.016459320 0.007544454 0.075877964 0.996952713
1403636963401666560.000000 8.951369286 -1.978986144 8.181855202 0.009837441 0.017704220 0.045618109 0.998753607
1403636964001666560.000000 8.647223473 -2.012905836 8.117123604 0.011152809 -0.003434750 0.047749057 0.998791158
1403636964301666560.000000 8.479903221 -2.071580887 8.042976379 0.008190041 -0.004030795 0.051667836 0.998622596
1403636964601666560.000000 8.302087784 -2.072723150 7.962926865 0.005642147 0.000963431 0.065285929 0.997850180
1403636964951666432.000000 8.048573494 -2.028546572 7.847566128 0.000598818 0.058264803 0.090783156 0.994164586
1403636965251666432.000000 7.794214725 -2.016758204 7.694016457 0.015831286 0.119735062 0.102643535 0.987358689
1403636965351666432.000000 7.704523563 -2.021028280 7.638791084 0.038065467 0.128063172 0.107477650 0.985190034
1403636965501666560.000000 7.558174610 -2.046925783 7.552040100 0.065650448 0.134074554 0.106094159 0.983085990
1403636966101666560.000000 6.986603260 -2.227385759 7.330089569 0.008237468 0.131471142 0.092508815 0.986959755
1403636966551666432.000000 6.598730564 -2.207046986 7.170935631 0.007572966 0.135377109 0.055114523 0.989231050
1403636967101666560.000000 6.243159294 -2.106461525 6.932726383 0.003978854 0.119954385 0.072272971 0.990137219
1403636968151666432.000000 5.735945225 -1.723062277 6.293100357 -0.003304595 0.113027662 0.077789366 0.990536511
1403636968451666432.000000 5.601157665 -1.564035058 6.063030720 0.001883848 0.113062143 0.076658137 0.990624487
1403636968601666560.000000 5.539228916 -1.503003359 5.930293083 0.001424954 0.112363413 0.078795388 0.990537107
1403636968951666432.000000 5.387296200 -1.386226058 5.593807697 0.001543905 0.108900815 0.085206032 0.990392923
1403636969151666432.000000 5.297003746 -1.337899685 5.385131359 0.006793849 0.111497059 0.077109829 0.990745366
1403636969251666432.000000 5.250350952 -1.321223140 5.270416737 0.017579861 0.111290313 0.076472178 0.990685344
1403636969451666432.000000 5.158763885 -1.308330774 5.046480179 0.033046387 0.108384028 0.079495348 0.990374327
1403636969601666560.000000 5.092502117 -1.296964288 4.889326096 0.037694819 0.106371023 0.080413885 0.990352392
1403636969701666560.000000 5.045343399 -1.284102440 4.792935371 0.037480023 0.105540730 0.080067754 0.990477443
1403636969851666432.000000 4.972152710 -1.252789736 4.653192997 0.038188808 0.104497090 0.080527201 0.990523756
1403636970001666560.000000 4.897792339 -1.216703653 4.529443264 0.033548061 0.105541505 0.077620633 0.990813076
1403636970251666432.000000 4.776191235 -1.136034012 4.343868256 0.010701680 0.107660949 0.077661343 0.991091967
1403636970351666432.000000 4.727880478 -1.101826429 4.271489143 0.014487688 0.108219385 0.076897167 0.991042614
1403636970501666560.000000 4.653460979 -1.056802392 4.160027981 0.030420972 0.108003065 0.078502253 0.990579247
1403636970701666560.000000 4.550819397 -1.009079576 4.011906147 0.045994174 0.108599424 0.082157351 0.989616513
1403636970951666432.000000 4.408056736 -0.976479113 3.863161325 0.065159634 0.109474763 0.083326973 0.988345146
1403636971251666432.000000 4.232800007 -0.935893536 3.756819010 0.046915896 0.121556602 0.049109090 0.990258157
1403636971901666560.000000 4.036698818 -0.749134839 3.709465504 0.010313895 0.121378347 0.064121731 0.990479350
1403636974101666560.000000 4.029828548 -0.537590146 3.541373730 0.020906910 0.056032546 0.054038882 0.996746242
1403636974601666560.000000 4.052682877 -0.468709230 3.537615299 0.015813533 -0.071819283 0.020025512 0.997091234
1403636974851666432.000000 4.060092926 -0.416331798 3.541038036 0.024039129 -0.138222381 -0.012462490 0.990031004
1403636975101666560.000000 4.071472645 -0.413537979 3.535644054 0.030105602 -0.189889327 -0.042145770 0.980438411
1403636975701666560.000000 4.121932030 -0.389562845 3.563269138 0.025069196 -0.225592792 -0.031814124 0.973379314
1403636976251666432.000000 4.165243626 -0.433845669 3.608765364 0.000232808 -0.278905034 -0.081945680 0.956816018
1403636976501666560.000000 4.218687057 -0.410162807 3.631869793 -0.004689054 -0.341473877 -0.103418157 0.934172511
1403636976701666560.000000 4.269613266 -0.361454397 3.632956505 0.004294185 -0.381261408 -0.094130136 0.919652581
1403636976851666432.000000 4.312536716 -0.309844226 3.637127638 0.010914748 -0.392755657 -0.099870659 0.914138794
1403636976901666560.000000 4.327585220 -0.290464014 3.638653755 0.013010890 -0.393854767 -0.103366718 0.913249373
1403636977151666432.000000 4.395034313 -0.244485095 3.633944511 0.018192226 -0.392957658 -0.113191821 0.912382007
1403636977301666560.000000 4.442239761 -0.237181917 3.628491402 0.018936345 -0.389206976 -0.113781415 0.913899958
1403636977401666560.000000 4.480185032 -0.230221361 3.627937555 0.013884278 -0.387330174 -0.108763240 0.915397763
1403636977551666432.000000 4.540865421 -0.217489257 3.625332117 0.004692453 -0.385608315 -0.098898470 0.917334914
1403636977901666560.000000 4.685324192 -0.137380704 3.620407104 0.002955530 -0.387514859 -0.111590892 0.915079772
1403636978101666560.000000 4.778869152 -0.093034223 3.598992825 0.002227601 -0.395288467 -0.103984557 0.912649572
1403636978401666560.000000 4.904140949 -0.082036637 3.548921824 0.016653867 -0.400853097 -0.101329401 0.910369039
1403636978601666560.000000 4.990250111 -0.093992352 3.517284632 0.036530692 -0.401531756 -0.106985949 0.908840895
1403636978701666560.000000 5.034753323 -0.094355740 3.511662006 0.042484675 -0.402330816 -0.108782567 0.908015072
1403636978851666432.000000 5.116438389 -0.091288649 3.511206150 0.044783842 -0.402583629 -0.109604470 0.907693624
1403636979001666560.000000 5.197963715 -0.084017806 3.523658991 0.027314959 -0.405463159 -0.100861162 0.908119261
1403636979101666560.000000 5.254184246 -0.074106872 3.539958954 0.013960598 -0.407301009 -0.094687007 0.908265054
1403636979201666560.000000 5.311833858 -0.058552638 3.557060242 0.009097384 -0.407560825 -0.092432298 0.908442438
1403636979351666432.000000 5.396852016 -0.030818865 3.586492538 0.022998527 -0.405618548 -0.098125629 0.908469021
1403636979651666432.000000 5.552716732 -0.034467276 3.651102781 0.039687037 -0.404268324 -0.106101915 0.907598197
1403636980001666560.000000 5.773229122 -0.111169651 3.760034084 0.025510110 -0.413019747 -0.097740822 0.905102551
1403636980251666432.000000 5.922667503 -0.146124378 3.868690968 0.019859603 -0.416982323 -0.097455144 0.903456628
1403636980401666560.000000 6.013274670 -0.153404787 3.943453789 0.008595167 -0.417385370 -0.098313026 0.903354943
1403636980551666432.000000 6.093973160 -0.151249722 4.027298927 -0.000207877 -0.416565776 -0.100203678 0.903566360
1403636980701666560.000000 6.172390938 -0.149268627 4.097459316 -0.004642052 -0.414098650 -0.102308556 0.904452145
1403636980851666432.000000 6.247552872 -0.149387538 4.159275532 0.005855089 -0.413464487 -0.097899698 0.905222893
1403636981101666560.000000 6.357446194 -0.180278495 4.258637905 0.014562376 -0.412683964 -0.094607830 0.905830681
1403636981301666560.000000 6.439044476 -0.196686968 4.348601818 -0.000848394 -0.408583403 -0.111950874 0.905828834
1403636981401666560.000000 6.479639530 -0.198869050 4.387395382 -0.007069885 -0.407191575 -0.120043606 0.905391932
1403636981651666432.000000 6.587127209 -0.183751523 4.477553844 0.014840854 -0.419606209 -0.100481309 0.902005494
1403636981751666432.000000 6.627471447 -0.187949583 4.512539864 0.021131942 -0.423612863 -0.096919522 0.900395572
1403636981951666432.000000 6.707278728 -0.225906819 4.575230122 0.038370058 -0.426160574 -0.103471994 0.897891104
1403636982151666432.000000 6.790208340 -0.271396846 4.658533096 0.052125830 -0.424245179 -0.117580928 0.896366894
1403636982251666432.000000 6.838161469 -0.290765226 4.708695412 0.050065860 -0.422785461 -0.123785406 0.896338701
1403636982351666432.000000 6.894792080 -0.310161978 4.769122601 0.041273598 -0.421438456 -0.127314270 0.896926522
1403636982501666560.000000 6.988149643 -0.339887023 4.856497765 0.018303430 -0.421216846 -0.122978188 0.898397326
1403636982601666560.000000 7.056359291 -0.364644021 4.914722919 0.010549089 -0.421352535 -0.117531836 0.899186850
1403636982801666560.000000 7.191588402 -0.426875412 5.014816761 0.017440772 -0.417407930 -0.117526285 0.900918424
1403636983001666560.000000 7.336665630 -0.474416554 5.116949081 0.022699630 -0.418026328 -0.111929990 0.901227176
1403636983151666432.000000 7.451418877 -0.496766061 5.198423862 0.014727828 -0.419676393 -0.105157249 0.901441514
1403636983401666560.000000 7.638451099 -0.507161558 5.342662334 0.012120976 -0.423828274 -0.095198222 0.900644183
1403636983551666432.000000 7.746926308 -0.513325453 5.426737785 0.013722966 -0.424594522 -0.096854962 0.900083482
1403636983801666560.000000 7.910343647 -0.552860558 5.564517975 0.028842788 -0.427654415 -0.100283697 0.897899210
1403636983951666432.000000 8.008745193 -0.600118816 5.649987221 0.034483828 -0.429014921 -0.103634544 0.896669924
1403636984101666560.000000 8.106083870 -0.659793496 5.742303848 0.037414458 -0.430668384 -0.106687091 0.895400882
1403636984251666432.000000 8.208246231 -0.713832021 5.843590736 0.029687025 -0.433700532 -0.103961319 0.894547105
1403636984351666432.000000 8.275889397 -0.741371036 5.918573856 0.024195019 -0.435803890 -0.101480141 0.893975019
1403636984501666560.000000 8.377011299 -0.771522045 6.031241894 0.019042095 -0.438104302 -0.098821595 0.893272817
1403636984751666432.000000 8.535902023 -0.818207800 6.233587742 0.015624348 -0.437871337 -0.097762525 0.893569827
1403636984801666560.000000 8.566627502 -0.834889054 6.274214745 0.014319015 -0.437131912 -0.099579789 0.893753052
1403636985001666560.000000 8.678687096 -0.898277521 6.429030895 0.009863342 -0.434472889 -0.106218979 0.894345343
1403636985101666560.000000 8.730116844 -0.939559639 6.501149654 0.011515970 -0.435210705 -0.105003826 0.894110322
1403636985151666432.000000 8.758700371 -0.955587149 6.539081573 0.013676873 -0.435678899 -0.104324140 0.893931389
1403636985251666432.000000 8.807846069 -0.976075709 6.619982719 0.014284900 -0.437356293 -0.101139419 0.893468678
1403636985501666560.000000 8.930479050 -1.009358168 6.821726322 0.018281229 -0.428310663 -0.092361949 0.898712993
1403636985701666560.000000 9.017159462 -1.062435150 6.986834526 0.018095950 -0.416358709 -0.079166234 0.905566514
1403636986401666560.000000 9.113040924 -1.219524145 7.553066730 0.012741568 -0.403122216 -0.073639065 0.912089586
1403636986651666432.000000 9.081388474 -1.250734687 7.749459743 0.010292691 -0.396130770 -0.091998152 0.913515627
1403636986801666560.000000 9.055898666 -1.294136167 7.860169411 0.006290053 -0.392957330 -0.101021618 0.913969159
1403636986901666560.000000 9.042660713 -1.336558938 7.926177502 0.004586341 -0.392726749 -0.102587521 0.913903952
1403636987151666432.000000 9.005874634 -1.453949690 8.068000793 0.004193039 -0.398390323 -0.093430027 0.912435412
1403636987501666560.000000 8.948531151 -1.574935675 8.250401497 -0.005490465 -0.398425907 -0.085969880 0.913146138
1403636987851666432.000000 8.857418060 -1.640044689 8.413285255 -0.012866146 -0.391210735 -0.076655596 0.917012811
1403636988001666560.000000 8.801939011 -1.677707672 8.459968567 -0.011144975 -0.384290934 -0.089249946 0.918820262
1403636988151666432.000000 8.742070198 -1.710671186 8.499615669 -0.006640248 -0.379509598 -0.103646457 0.919339836
1403636988401666560.000000 8.650643349 -1.743353009 8.548198700 -0.023799613 -0.379149646 -0.108311221 0.918666303
1403636988601666560.000000 8.586490631 -1.779686809 8.547970772 -0.034151889 -0.380725741 -0.102084123 0.918401003
1403636989101666560.000000 8.405324936 -1.783115983 8.390549660 -0.050096277 -0.380652636 -0.101433210 0.917771876
1403636989451666432.000000 8.257602692 -1.717657566 8.145329475 -0.013019459 -0.388582528 -0.094593905 0.916453004
1403636989701666560.000000 8.143246651 -1.697259665 7.917995930 0.004974601 -0.392208844 -0.088989228 0.915548146
1403636990251666432.000000 7.874252319 -1.602814317 7.444713593 -0.007179758 -0.393052161 -0.081629112 0.915857613
1403636990551666432.000000 7.702561855 -1.580395460 7.171257496 0.005919666 -0.388663352 -0.083775140 0.917544246
1403636990751666432.000000 7.585364342 -1.543241024 7.002543926 0.012332418 -0.385874450 -0.083961092 0.918639958
1403636990901666560.000000 7.497897625 -1.503725648 6.886897564 0.013743971 -0.384852588 -0.083369121 0.919102371
1403636991001666560.000000 7.441205025 -1.468071461 6.808363438 0.013640348 -0.384569198 -0.082433954 0.919306874
1403636991101666560.000000 7.385124683 -1.431779623 6.740074158 0.013121895 -0.385097057 -0.081681676 0.919160604
1403636991301666560.000000 7.269006252 -1.362212181 6.604185104 0.014380602 -0.386433929 -0.082010433 0.918551207
1403636991501666560.000000 7.153543949 -1.323000431 6.470874786 0.016560666 -0.388607413 -0.082995556 0.917508423
1403636991651666432.000000 7.068008423 -1.314795375 6.373485088 0.013761306 -0.388805181 -0.090493478 0.916761756
1403636992251666432.000000 6.771610260 -1.294436097 5.984314919 0.004212150 -0.402104467 -0.091153428 0.911035299
1403636992501666560.000000 6.663632870 -1.243194342 5.835447311 0.014084479 -0.406517386 -0.092381306 0.908851445
1403636992951666432.000000 6.470758915 -1.210583925 5.584883690 0.021651831 -0.415066868 -0.090061739 0.905063331
1403636993201666560.000000 6.361760616 -1.178181171 5.484537125 0.005935816 -0.408442408 -0.093817309 0.907930553
1403636993351666432.000000 6.290421963 -1.173418403 5.424984455 0.002353841 -0.390202850 -0.089338727 0.916381359
1403636993601666560.000000 6.165340424 -1.193774343 5.312987328 0.003133299 -0.346127212 -0.074470133 0.935222089
1403636993751666432.000000 6.088257790 -1.208133340 5.254029274 0.008075921 -0.325576425 -0.067494370 0.943069100
1403636994501666560.000000 5.703843594 -1.112966418 4.911584854 -0.021094913 -0.307719469 -0.044426788 0.950205266
1403636994801666560.000000 5.487431526 -1.055618644 4.729561329 -0.000598545 -0.301375061 -0.073458783 0.950671613
1403636995501666560.000000 5.025478363 -0.962905288 4.223730087 0.000893482 -0.303447098 -0.058614891 0.951043308
1403636996751666432.000000 4.287119865 -0.874644220 3.211315870 0.019999254 -0.249531105 -0.043529648 0.967181146
1403636996951666432.000000 4.180064201 -0.840493917 3.077926874 0.023919921 -0.204712018 -0.031977061 0.978007317
1403636997101666560.000000 4.107201576 -0.795567691 2.983861923 0.026147995 -0.172050402 -0.021648087 0.984503090
1403636997151666432.000000 4.085328102 -0.778095484 2.956747532 0.027046250 -0.163584054 -0.019350117 0.985968709
1403636997351666432.000000 4.002631187 -0.711908519 2.850811720 0.029692436 -0.142319933 -0.012105956 0.989301205
1403636997651666432.000000 3.890239954 -0.668161571 2.713751793 0.031488784 -0.137693062 -0.008268602 0.989939749
1403636998151666432.000000 3.732796192 -0.762262642 2.504386425 0.033495512 -0.148561805 -0.009967714 0.988285422
1403636998401666560.000000 3.663096666 -0.823753595 2.439818621 0.032586768 -0.151420146 -0.013872225 0.987834811
1403636998601666560.000000 3.615932703 -0.872570813 2.402085066 0.026925584 -0.153248534 -0.013849360 0.987723708
1403636998851666432.000000 3.561736584 -0.958383918 2.360809088 0.003815761 -0.158700824 -0.001194461 0.987318635
1403636999251666432.000000 3.458205223 -1.036795020 2.271493435 0.008759368 -0.163914636 0.007957022 0.986403525
1403636999601666560.000000 3.329749107 -1.030132174 2.218633175 0.005229973 -0.161112890 -0.005057297 0.986909151
1403636999951666432.000000 3.189158678 -0.982103646 2.152251244 0.001959889 -0.163818315 -0.003077852 0.986483812
1403637000351666432.000000 3.002202272 -0.947389603 2.043249846 0.008890346 -0.164136752 -0.000962942 0.986397088
1403637000551666432.000000 2.898697138 -0.926335692 1.979559898 0.008000339 -0.164745569 0.000334947 0.986303568
1403637000701666560.000000 2.817102671 -0.912527442 1.929814458 0.006121889 -0.163922712 -0.002268480 0.986451566
1403637000901666560.000000 2.700971127 -0.916088998 1.853640795 0.005226826 -0.164410964 -0.003714537 0.986371100
1403637001151666432.000000 2.553269863 -0.893113971 1.756723404 0.003952196 -0.165410161 -0.005402336 0.986202121
1403637001401666560.000000 2.399254322 -0.871969521 1.647769570 0.004762703 -0.164534971 -0.011386907 0.986294031
1403637001701666560.000000 2.218762159 -0.868991733 1.496880651 0.012593115 -0.166667029 -0.014210906 0.985830367
1403637001951666432.000000 2.071747780 -0.833969593 1.383890867 0.013805557 -0.168483108 -0.014857547 0.985495865
1403637002101666560.000000 1.989258409 -0.803104877 1.312771082 0.016551508 -0.168903276 -0.014672047 0.985384405
1403637002351666432.000000 1.855552435 -0.735546052 1.213336229 0.017316218 -0.169931650 -0.012660890 0.985222340
1403637002551666432.000000 1.750371456 -0.697589457 1.128703833 0.017816333 -0.171921611 -0.006093159 0.984930634
1403637002801666560.000000 1.613620400 -0.687730312 1.018289328 0.017316019 -0.173696905 -0.005901003 0.984629214
1403637003101666560.000000 1.444872856 -0.648755193 0.904735923 0.016841248 -0.175209463 -0.013308633 0.984297156
1403637003501666560.000000 1.227266550 -0.563439727 0.774342060 0.009769376 -0.178680152 -0.016574467 0.983719110
1403637004051666432.000000 0.935025275 -0.504260719 0.564662218 0.021297468 -0.176957503 -0.014591492 0.983879864
1403637004151666432.000000 0.885279417 -0.480467558 0.531157434 0.023416245 -0.176090330 -0.012987286 0.984009743
1403637004301666560.000000 0.811423540 -0.449216992 0.484820276 0.024675686 -0.173467427 -0.014049021 0.984430194
1403637004451666432.000000 0.736909032 -0.441119641 0.438204378 0.019815488 -0.172861129 -0.017514694 0.984591067
1403637004651666432.000000 0.640274584 -0.466811776 0.368753403 0.009630551 -0.174733192 -0.024644302 0.984260261
1403637004901666560.000000 0.531664670 -0.477971047 0.283548474 0.012059792 -0.174362659 -0.046275813 0.983519614
1403637005051666432.000000 0.483442694 -0.441566050 0.243313134 0.021286219 -0.178998008 -0.040965509 0.982765734
1403637005151666432.000000 0.457457632 -0.412078947 0.219572619 0.019796524 -0.183575287 -0.031242995 0.982309580
1403637005301666560.000000 0.421880722 -0.364017874 0.185548782 0.022774041 -0.185953841 -0.025841102 0.981954575
1403637005651666432.000000 0.343196601 -0.263449043 0.122008458 0.021087524 -0.180854082 -0.022001915 0.983037651
1403637006351666432.000000 0.204285890 -0.255895376 -0.005910397 0.029748559 -0.175280467 -0.029060405 0.983639777
1403637006851666432.000000 0.162993684 -0.227101222 -0.028091259 0.014710936 -0.138987139 -0.018782610 0.990006745
1403637007701666560.000000 0.147911534 -0.120656669 -0.055357207 0.028879058 -0.060644999 0.027363587 0.997366250
1403637008401666560.000000 0.087370142 -0.059419762 -0.074094683 0.044493373 -0.075198278 0.020400137 0.995966554
1403637009301666560.000000 0.090973094 -0.019523485 0.004450131 0.027323345 -0.088616200 0.025430396 0.995366216
1403637009851666432.000000 0.122432470 0.012624871 0.014580950 -0.026434168 -0.047838446 -0.015417278 0.998386204
