1403636629.66356 0 0 0 0 0 0 1
1403636629.81356 0.0680433288216591 0.0181986968964338 0.0601537674665451 -0.0125547368079424 0.0324401445686817 0.0061670858412981 0.999375820159912
1403636630.01356  0.166172474622726 0.0380844250321388  0.159696072340012 -0.0172888077795506 0.0707596018910408 0.0175063591450453 0.997189879417419
1403636630.36356   0.343493700027466 -0.0346881151199341    0.33824434876442 0.0123901134356856 0.0965253561735153 0.0233084876090288 0.994980454444885
1403636630.76356   0.53272420167923 -0.186374470591545   0.51021271944046 0.00207392848096788 0.0939352959394455 0.0109190931543708 0.995516240596771
1403636631.66356  0.890912473201752 -0.300670027732849   1.01689445972443 0.00881661474704742 0.0810702666640282 0.00962276849895716 0.996622920036316
1403636632.76356   1.13537573814392 -0.407819181680679   1.60167098045349 -0.0124769620597363 0.0467788353562355 0.0184382889419794 0.998657166957855
1403636633.01356   1.17967426776886 -0.446663320064545   1.74652624130249 0.00181896367575973 0.000257497915299609 -0.0194813646376133 0.999808549880981
1403636633.71356   1.28078949451447 -0.539543092250824   2.22672414779663 -0.01177819352597 -0.0312600918114185 -0.0238541513681412 0.999157190322876
1403636634.36356   1.41121935844421 -0.762431025505066   2.76755142211914 -0.000198820198420435 -0.0253283493220806 -0.0193450804799795 0.999491989612579
1403636634.81356  1.53164970874786 -0.90619832277298  3.16869020462036 0.0122698079794645 -0.0413036607205868 -0.037682980298996 0.998360395431519
1403636635.41356  1.63609969615936 -1.09956693649292  3.65083622932434 -0.00602131942287087 -0.0673049241304398 -0.0392513275146484 0.996941924095154
1403636635.91356  1.71388494968414 -1.35967135429382  4.06362533569336 0.00323697202838957 -0.0717149525880814 -0.0167730879038572 0.997278869152069
1403636636.26356  1.82138645648956 -1.59975349903107  4.36360931396484 0.00258005782961845 -0.0617875494062901 -0.0390355065464973 0.997322380542755
1403636636.66356  1.94597566127777 -1.87527060508728  4.68820381164551 0.0363367237150669 -0.0553813874721527 -0.0570652149617672 0.996170699596405
1403636637.81356  1.98981690406799 -2.13097524642944  5.33718490600586 0.00337578728795052 -0.0717877894639969 -0.047022357583046 0.996305167675018
1403636638.36356  1.94870042800903 -2.28205728530884   5.6229248046875 0.00924662873148918 -0.0772789418697357 -0.0407466515898705 0.996133625507355
1403636639.11356  1.97112989425659 -2.45953726768494  6.13528156280518 -0.00201965169981122 -0.0870512425899506 -0.0222177635878325 0.995954036712646
1403636639.71356  2.11855840682983 -2.51841902732849  6.71065473556519 0.0111886700615287 -0.0759574770927429 -0.0561846643686295 0.995463967323303
1403636640.21356  2.22413182258606 -2.63806867599487  7.12947177886963 0.0205521229654551 -0.0953367650508881 -0.054466288536787 0.993741393089294
1403636640.81356 2.33922839164734 -2.7686653137207 7.51069021224976 0.0152813391759992 -0.115950427949429 -0.0651690065860748 0.990996956825256
1403636642.21356   2.5351037979126 -2.96950507164001  8.09003353118896 0.0223322585225105 -0.0884809941053391 -0.0518092960119247 0.994478821754456
1403636644.21356  2.85446953773499 -3.22022390365601  8.65200710296631 -0.0210316609591246 -0.0613366737961769 -0.0407568328082561 0.997062861919403
1403636645.06356  3.12343144416809 -3.17509484291077  9.31448364257812 -0.00348420673981309 -0.0563315488398075 -0.03936418145895 0.997629761695862
1403636645.71356  3.35986733436584 -3.26463747024536  9.89302730560303 -0.015251281671226 -0.0519956164062023 -0.0408113598823547 0.997696459293365
1403636646.16356 3.48192954063416 -3.4935507774353 10.3915882110596 0.00310871005058289 -0.0325243808329105 -0.0146198906004429 0.99935919046402
1403636646.41356 3.59127140045166  -3.636798620224 10.6638689041138 0.0212939213961363 0.0252743735909462 0.0193025637418032 0.999267280101776
1403636646.66356  3.71673941612244 -3.76198768615723  10.9239130020142 0.0316913202404976 0.0776089504361153 0.0203099567443132 0.996273040771484
1403636647.11356  3.94565749168396 -4.02889776229858  11.2301244735718 0.0184982549399137 0.0986790955066681 0.0229812636971474 0.994681894779205
1403636647.91356  4.37027978897095 -4.27711343765259  11.6636800765991 0.0273533053696156 0.0995117351412773 0.0294296946376562 0.994224905967712
1403636648.21356  4.56052732467651 -4.28446102142334  11.7747011184692 0.0259900912642479 0.158214136958122 0.0492936670780182 0.985831081867218
1403636648.56356  4.79281854629517 -4.21488332748413  11.8918046951294 0.0261015258729458 0.24916797876358 0.0833533853292465 0.9645134806633
1403636648.81356  4.95279407501221 -4.18455743789673  11.9393186569214 0.0101179555058479 0.285472214221954 0.0956245437264442 0.953550815582275
1403636649.11356  5.13669538497925 -4.22195339202881  11.9356927871704 0.000753064698074013 0.293982714414597 0.0959923267364502 0.950977981090546
1403636649.46356 5.35069894790649 -4.3681378364563 11.9111061096191 0.0148975877091289 0.287989586591721 0.0866308137774467 0.953590631484985
1403636650.06356  5.66195821762085 -4.63706016540527    11.80322265625 0.0329680591821671 0.310081362724304 0.0922819152474403 0.945646166801453
1403636650.31356  5.77081727981567 -4.63315105438232  11.7518529891968 0.0316243916749954 0.34757462143898 0.106592088937759 0.93103700876236
1403636650.61356  5.88703727722168 -4.56723594665527  11.6806936264038 0.0154153723269701 0.412451982498169 0.137098804116249 0.900471925735474
1403636651.26356  6.04288053512573 -4.48345613479614  11.4672002792358 0.0232668854296207 0.443650454282761 0.140791654586792 0.884765863418579
1403636651.96356  6.08938932418823 -4.41662406921387  11.1725759506226 0.0427775867283344 0.447769045829773 0.157422095537186 0.879142343997955
1403636652.21356    6.099365234375 -4.30324983596802  11.0368413925171 0.0284880194813013 0.51000314950943 0.17429681122303 0.841846704483032
1403636652.51356   6.0964241027832 -4.14376497268677  10.8652114868164 0.00291277514770627 0.58092600107193 0.214969083666801 0.785050749778748
1403636652.76356  6.10960006713867 -4.04851484298706  10.7105646133423 -0.0129526667296886 0.601534247398376 0.231761425733566 0.764379143714905
1403636653.21356  6.23117923736572 -3.97926831245422  10.4348497390747 0.002771524945274 0.606889724731445 0.2119330316782 0.766003668308258
1403636653.91356   6.4128475189209 -3.91016221046448  10.0767154693604 0.0222562719136477 0.596687734127045 0.187256515026093 0.780002236366272
1403636654.36356   6.4305624961853 -3.80541801452637  9.88371753692627 0.0205490011721849 0.614274263381958 0.20307432115078 0.762237310409546
1403636654.81356  6.38830089569092 -3.78268194198608  9.64134693145752 0.00802620593458414 0.664313733577728 0.2337945997715 0.709903478622437
1403636655.41356  6.28580474853516 -3.64282631874084  9.40955638885498 0.0327669903635979 0.690733551979065 0.226313427090645 0.685999810695648
1403636655.81356  6.11903381347656 -3.53473520278931  9.25476264953613 0.0165595225989819 0.716063857078552 0.264885663986206 0.64561140537262
1403636656.21356  5.95526599884033 -3.34810709953308  9.08605289459229 0.0110568162053823 0.752883076667786 0.282329082489014 0.594420254230499
1403636656.66356  5.80304193496704 -3.30400419235229  8.78474807739258 0.00731079699471593 0.758833885192871 0.277967184782028 0.588941395282745
1403636657.11356  5.66271638870239 -3.19630026817322  8.50462245941162 0.0295783653855324 0.761020481586456 0.251974195241928 0.597061276435852
1403636657.56356  5.41986560821533 -3.05021238327026  8.25517082214355 0.022825887426734 0.749651074409485 0.281551241874695 0.598524212837219
1403636657.96356  5.18386793136597 -2.85621023178101  7.99981069564819 0.0275657158344984 0.749468326568604 0.29718354344368 0.590947985649109
1403636658.36356  4.96904802322388 -2.68850302696228  7.64008951187134 0.0015102963661775 0.760071992874146 0.283408284187317 0.58478045463562
1403636658.66356  4.84559011459351 -2.53807020187378   7.3739767074585 -0.0145687088370323 0.765002429485321 0.273631155490875 0.582825124263763
1403636658.96356  4.76519203186035 -2.37813472747803  7.15075492858887 -0.00748874992132187 0.770970344543457 0.258548408746719 0.581980526447296
1403636659.36356  4.66555452346802 -2.15244770050049  6.94718217849731 0.00605911249294877 0.770325362682343 0.259642153978348 0.582364141941071
1403636659.86356  4.51894903182983 -1.95618629455566  6.76126909255981 0.000759674643632025 0.772278130054474 0.261600583791733 0.578922688961029
1403636660.16356  4.43745374679565 -1.79791116714478  6.71490859985352 -0.0137969953939319 0.768663227558136 0.278354704380035 0.575747489929199
1403636660.91356  4.48005723953247 -1.46298325061798  6.68580198287964 -0.0188754983246326 0.779147982597351 0.246931836009026 0.575844585895538
1403636661.11356  4.52978372573853 -1.36317801475525  6.73701906204224 -0.00568886939436197 0.777851045131683 0.250304102897644 0.576422810554504
1403636661.76356  4.62034940719604 -1.21900045871735  6.99017429351807 0.0132819591090083 0.772926986217499 0.261154115200043 0.578105568885803
1403636662.91356  4.45609903335571 -1.35252821445465  7.40540218353271 0.0167779549956322 0.763867557048798 0.293233513832092 0.574664294719696
1403636664.31356  4.88115739822388 -1.14957702159882  7.71624326705933 -0.0160687081515789 0.772963047027588 0.246572107076645 0.584356069564819
1403636664.61356  5.11762475967407 -1.12964200973511  7.93180274963379 0.00526861939579248 0.764826893806458 0.2485631108284 0.594330310821533
1403636664.91356  5.32245635986328 -1.14880347251892   8.1666841506958 0.00369104999117553 0.756439685821533 0.251462340354919 0.603781521320343
1403636665.26356 5.53371572494507 -1.2712070941925 8.42033290863037 0.0043570906855166 0.744212865829468 0.271618008613586 0.610206425189972
1403636665.66356  5.76964473724365 -1.44794964790344  8.67859745025635 -0.0122954742982984 0.751181304454803 0.257298171520233 0.607760906219482
1403636666.01356  5.97074413299561 -1.62263667583466  8.92964935302734 0.0198315400630236 0.752496361732483 0.265239328145981 0.602498173713684
1403636666.46356  6.17106246948242 -1.75337243080139  9.25924682617188 0.0261438731104136 0.751999795436859 0.264561146497726 0.603175103664398
1403636666.86356 6.27829742431641 -1.8843731880188 9.49789237976074 -0.0028402847237885 0.742148518562317 0.278637588024139 0.609564304351807
1403636667.66356  6.55403280258179 -1.98696351051331  9.89967346191406 -0.000454937369795516 0.739561200141907 0.275019288063049 0.614339888095856
1403636668.61356 6.97431039810181 -2.0120050907135 10.3126192092896 -0.00719766831025481 0.752126634120941 0.269565373659134 0.601322054862976
1403636669.06356  7.23468780517578 -2.00724577903748  10.5639123916626 -0.00469347974285483 0.762775480747223 0.247352495789528 0.597468197345734
1403636669.56356  7.48046064376831 -2.10198926925659  10.9404029846191 0.0133433938026428 0.764693558216095 0.244149297475815 0.596201956272125
1403636669.91356   7.5591926574707 -2.18121290206909  11.2563400268555 0.0534585751593113 0.75568813085556 0.257497876882553 0.599810302257538
1403636670.26356  7.50492334365845 -2.32179403305054  11.4899234771729 0.0863297954201698 0.735067427158356 0.287000805139542 0.608155846595764
1403636670.66356  7.28000402450562 -2.38483262062073  11.5257539749146 0.102136425673962 0.692176878452301 0.293869078159332 0.651229798793793
1403636670.91356  7.05125617980957 -2.39382576942444  11.3580846786499 0.110772162675858 0.647827446460724 0.285492837429047 0.697526335716248
1403636671.16356   6.7757420539856 -2.35610914230347   11.028341293335 0.112586498260498 0.592637419700623 0.25877970457077 0.754412531852722
1403636671.31356  6.58891677856445 -2.31816148757935  10.7444543838501 0.0808979272842407 0.570600807666779 0.238385304808617 0.781692206859589
1403636671.61356  6.20691585540771 -2.21706485748291  10.1188020706177 -0.0108343902975321 0.538696646690369 0.20194149017334 0.817868053913116
1403636672.01356  5.83201837539673 -2.05161786079407   9.3491039276123 -0.0654439851641655 0.519603192806244 0.212365746498108 0.825003325939178
1403636672.46356  5.74195575714111 -2.05198216438293  8.71171569824219 -0.0715525895357132 0.54537308216095 0.157239004969597 0.820197761058807
1403636673.11356  5.75255441665649 -1.85469901561737  8.43191051483154 -0.0194009691476822 0.506535172462463 0.161399707198143 0.846756100654602
1403636674.96356  6.19073724746704 -1.86926412582397  9.26340007781982 -0.0126761253923178 0.416304290294647 0.171896114945412 0.892738401889801
1403636675.71356  6.65406131744385 -2.02404832839966   9.8260555267334 -0.00196957238949835 0.406732082366943 0.0988050699234009 0.908186495304108
1403636676.26356  6.90108346939087 -2.07379674911499  10.4045372009277 0.00114920793566853 0.298664718866348 0.0820830315351486 0.950820922851562
1403636676.61356  7.00661039352417 -2.09986805915833  10.7709054946899 -0.00778185483068228 0.224904641509056 0.0427832119166851 0.973409950733185
1403636677.01356   7.0748233795166 -2.26973009109497  11.1840753555298 0.00580349378287792 0.179182931780815 0.0575356855988503 0.982114791870117
1403636677.56356  7.14400720596313 -2.35238289833069  11.7796592712402 0.0402703136205673 0.155477464199066 0.020685063675046 0.986801505088806
1403636677.81356  7.11517858505249 -2.43178725242615  11.9610471725464 0.0319673828780651 0.0988305658102036 0.0257855858653784 0.994256377220154
1403636678.11356  7.09332132339478 -2.52920246124268  12.1163415908813 0.0103570325300097 0.0232117529958487 0.012767544016242 0.999595403671265
1403636678.56356  7.12838840484619 -2.63874101638794  12.3309440612793 0.00909631606191397 -0.0448498502373695 -0.0324687585234642 0.998424530029297
1403636679.01356  7.14394569396973 -2.75150036811829  12.4998264312744 0.0149861192330718 -0.129839554429054 -0.114371724426746 0.984802663326263
1403636679.26356  7.08137130737305 -2.75693345069885  12.5834608078003 0.0234494246542454 -0.195688351988792 -0.10359338670969 0.97489720582962
1403636679.61356   6.9848837852478 -2.78924870491028  12.6337738037109 0.0203607305884361 -0.279313325881958 -0.113865211606026 0.953207314014435
1403636679.96356  6.93024444580078 -2.90569591522217  12.6247854232788 0.0328813195228577 -0.300290793180466 -0.133822098374367 0.94384104013443
1403636680.51356 6.83437824249268   -3.05721783638 12.4392728805542 0.0430657640099525 -0.27388134598732 -0.176170289516449 0.944509625434875
1403636680.86356  6.67695045471191 -3.00846815109253  12.2039041519165 0.0196038782596588 -0.281309843063354 -0.137007713317871 0.949583768844604
1403636681.41356  6.36737680435181 -2.82424330711365   11.865795135498 0.0159053783863783 -0.283436834812164 -0.132082000374794 0.949718356132507
1403636681.91356   6.0602855682373 -2.71583867073059  11.5617513656616 0.0248880162835121 -0.291071832180023 -0.134240582585335 0.946909308433533
1403636682.31356   5.8175950050354 -2.65968132019043  11.2552833557129 0.00904237851500511 -0.297027349472046 -0.129472076892853 0.946007430553436
1403636683.06356  5.38578701019287 -2.48764729499817  10.7156028747559 0.0306923687458038 -0.285235017538071 -0.133584514260292 0.948606431484222
1403636683.66356  5.05736207962036 -2.25121784210205  10.2191715240479 0.0170659068971872 -0.295917809009552 -0.127047151327133 0.946572959423065
1403636684.36356  4.70985794067383 -2.06599044799805  9.61417198181152 0.0181605145335197 -0.307934731245041 -0.126397088170052 0.942799091339111
1403636685.26356  4.43547391891479 -1.76059436798096  8.89483261108398 0.0170500762760639 -0.301401019096375 -0.139495402574539 0.943084180355072
1403636686.21356  4.17792272567749 -1.38614749908447  8.07711601257324 0.00793850980699062 -0.298012495040894 -0.127784878015518 0.945936858654022
1403636687.16356  3.8839910030365 -1.1379668712616 7.36204290390015 0.00787366926670074 -0.303152054548264 -0.122443795204163 0.945010244846344
1403636688.31356   3.67184567451477 -0.659949123859406   6.77708101272583 0.0169694889336824 -0.305146276950836 -0.129639908671379 0.943287491798401
1403636688.96356   3.57504057884216 -0.312548577785492   6.44585037231445 0.011191769503057 -0.311784446239471 -0.145325765013695 0.938906610012054
1403636689.31356   3.47036170959473 -0.212366998195648   6.22674655914307 -0.00349220004864037 -0.334892630577087 -0.142506420612335 0.93141108751297
1403636689.61356   3.36314296722412 -0.220760822296143   6.04261493682861 -0.00860267225652933 -0.342532128095627 -0.143500536680222 0.928442418575287
1403636689.91356   3.24143671989441 -0.254830807447433   5.90349149703979 -0.0286208223551512 -0.34790050983429 -0.122136443853378 0.929101049900055
1403636690.36356   3.07595109939575 -0.310047894716263   5.87086820602417 -0.0181312821805477 -0.336012274026871 -0.138963967561722 0.931373178958893
1403636690.71356   2.9349992275238 -0.40459531545639  5.92938613891602 -0.0184706803411245 -0.345830678939819 -0.109574571251869 0.93169379234314
1403636691.11356   2.86389756202698 -0.429782748222351   6.14613342285156 0.0206960756331682 -0.363521873950958 -0.0628878101706505 0.929230153560638
1403636691.36356   2.96323347091675 -0.496626853942871   6.30016613006592 0.0516926757991314 -0.352743655443192 -0.102569371461868 0.928643822669983
1403636691.56356   3.10360026359558 -0.582571029663086   6.38169860839844 0.0244347397238016 -0.352020174264908 -0.12042935192585 0.92789089679718
1403636691.76356   3.26402592658997 -0.691016852855682   6.44421005249023 0.0190352071076632 -0.346938669681549 -0.143433719873428 0.92665958404541
1403636692.06356   3.50276470184326 -0.816421270370483   6.53339529037476 0.0225602779537439 -0.351739108562469 -0.131724134087563 0.926509261131287
1403636692.46356  3.83004593849182 -1.00919330120087   6.6017632484436 0.0178110338747501 -0.344138652086258 -0.143110737204552 0.927777290344238
1403636692.76356  4.06199169158936 -1.21673536300659  6.59656429290771 0.0154615165665746 -0.335038632154465 -0.156351178884506 0.929012537002563
1403636693.21356  4.31530475616455 -1.44466757774353  6.55317115783691 0.0080062597990036 -0.333053559064865 -0.161919206380844 0.928866744041443
1403636695.31356  4.43098306655884 -1.76023435592651  7.04903841018677 0.00846221018582582 -0.339915543794632 -0.138259902596474 0.930198907852173
1403636697.76356  4.33866357803345 -1.80972254276276   7.1105637550354 0.0100662941113114 -0.290544331073761 -0.140233337879181 0.946476221084595
1403636698.31356  4.14857578277588 -1.74539053440094   6.8829288482666 0.00886789988726377 -0.220009028911591 -0.107056818902493 0.969564974308014
1403636698.66356  3.99821591377258 -1.62600910663605  6.76439762115479 0.00556967360898852 -0.150927364826202 -0.0825847908854485 0.985073447227478
1403636699.01356  3.83269882202148 -1.47589671611786  6.67363214492798 0.00236164452508092 -0.0594791248440742 -0.0396126620471478 0.997440457344055
1403636699.36356   3.6733181476593 -1.41125440597534   6.5847110748291 0.000205325137358159 0.0320231951773167 0.018221927806735 0.999320983886719
1403636699.81356  3.57898569107056 -1.38186359405518  6.49112272262573 0.000943231163546443 0.141616746783257 0.0635478422045708 0.987879276275635
1403636700.71356  3.68687844276428 -1.05063021183014  6.43894243240356 0.0181120075285435 0.215081334114075 0.0763323903083801 0.973439931869507
1403636702.06356   4.13905143737793 -0.891900599002838   6.29268598556519 0.00924631394445896 0.262592941522598 0.088962160050869 0.960752367973328
1403636702.41356    4.2796573638916 -0.787105739116669   6.30351400375366 0.00231901672668755 0.321180045604706 0.109140135347843 0.940705299377441
1403636703.66356    4.8277645111084 -0.457408666610718   6.58700370788574 0.00455453619360924 0.334132492542267 0.1076944693923 0.936342179775238
1403636704.86356   5.43313694000244 -0.434833198785782   6.81092882156372 -0.0304418243467808 0.320100158452988 0.108361259102821 0.94067370891571
1403636705.41356  5.79720163345337 -0.45875558257103  7.15918064117432 -0.00541383121162653 0.320886373519897 0.0927351340651512 0.942551255226135
1403636706.01356   6.18613195419312 -0.567389309406281   7.68402004241943 0.0122137041762471 0.313852787017822 0.112549431622028 0.942698180675507
1403636706.71356    6.6571946144104 -0.683579683303833   8.25530624389648 -0.00616000266745687 0.317350715398788 0.0877512767910957 0.944219410419464
1403636707.41356   7.05538940429688 -0.998087584972382   8.86118030548096 -0.00919912848621607 0.332416892051697 0.0940857157111168 0.938382804393768
1403636708.26356  7.51144790649414 -1.40204977989197  9.76596069335938 0.00660302024334669 0.319334954023361 0.105007715523243 0.941782891750336
1403636709.06356  8.02767848968506 -1.51848769187927  10.5537595748901 0.0240881685167551 0.337720066308975 0.0818229764699936 0.9373739361763
1403636710.01356   8.2218132019043 -1.74324786663055  11.2931299209595 0.00386991794221103 0.337537348270416 0.085557296872139 0.937407851219177
1403636710.51356   8.1497802734375 -1.83697593212128  11.7510547637939 0.0194990653544664 0.303312689065933 0.108051866292953 0.946544229984283
1403636710.91356  8.08664798736572 -1.81464445590973  12.0983543395996 0.0193106420338154 0.246991783380508 0.0729857757687569 0.966072082519531
1403636711.36356  7.99620246887207 -1.87429070472717  12.3897132873535 0.0194383393973112 0.213458880782127 0.0406204499304295 0.975913643836975
1403636712.26356  7.52107429504395 -2.10446119308472  12.6237478256226 0.0312947407364845 0.208150640130043 0.0630585104227066 0.975560128688812
1403636712.81356 7.13663864135742   -2.29354596138 12.4966135025024 0.0458138920366764 0.1574417501688 0.0280499290674925 0.986066102981567
1403636713.66356  6.45067405700684 -2.44030046463013  12.0032930374146 0.0229689814150333 0.145753845572472 0.048331331461668 0.98787260055542
1403636714.46356  5.98198699951172 -2.38395094871521  11.4197607040405 0.0110925054177642 0.159276649355888 0.0542196929454803 0.985681533813477
1403636714.81356  5.84235143661499 -2.28399538993835  11.1906604766846 -0.00724693108350039 0.113184295594692 0.0332378260791302 0.99299144744873
1403636715.16356  5.73272180557251 -2.29363298416138  10.9816560745239 -0.0109218657016754 0.0445400886237621 -0.00668106880038977 0.998925566673279
1403636716.16356  5.56863069534302 -2.28893518447876  10.6292867660522 0.0341577976942062 0.0328272916376591 -0.00263985758647323 0.998873710632324
1403636716.96356  5.53505373001099 -2.11500525474548   10.207407951355 0.0156215839087963 -0.00507042184472084 -0.0172675009816885 0.999715983867645
1403636717.61356 5.49337100982666 -2.0000307559967 9.81093788146973 0.0163104441016912 -0.0730369836091995 -0.0665986090898514 0.994969427585602
1403636718.06356  5.36112785339355 -1.85849344730377  9.53252792358398 0.0164109598845243 -0.103545382618904 -0.0836969017982483 0.990961074829102
1403636718.51356  5.12487411499023 -1.71507298946381  9.22975063323975 0.00890766270458698 -0.184195578098297 -0.0832418203353882 0.979317843914032
1403636719.01356   4.8890495300293 -1.46576297283173  8.97645950317383 0.0097653241828084 -0.221847608685493 -0.100886262953281 0.969799101352692
1403636720.26356  4.52393913269043 -1.07666862010956    8.279372215271 0.00711825024336576 -0.20853291451931 -0.0861245095729828 0.974189877510071
1403636721.16356    4.4582462310791 -0.861820995807648   7.91387605667114 0.01286506280303 -0.165373995900154 -0.0649629905819893 0.98400491476059
1403636721.81356   4.52545022964478 -0.770124614238739   7.69338464736938 0.0156609006226063 -0.0967175588011742 -0.0501223653554916 0.993925631046295
1403636723.41356   4.60251617431641 -0.504972398281097   7.03059434890747 0.0156830344349146 -0.0753895416855812 -0.0512103885412216 0.995714783668518
1403636724.26356   4.55642938613892 -0.363870143890381   6.61712837219238 -0.00228959647938609 0.000986788421869278 -0.0158343128859997 0.999871492385864
1403636724.81356   4.52909421920776 -0.311765730381012   6.39421653747559 0.0109397461637855 0.0636357963085175 0.00327479373663664 0.997907817363739
1403636727.06356   4.41057634353638 -0.590226233005524   5.66929578781128 0.0211399085819721 0.0388666763901711 -0.00157585018314421 0.999019503593445
1403636728.71356   4.18214225769043 -0.820099174976349   4.91389226913452 0.0192568320780993 0.0249301586300135 0.000556111393962055 0.999503552913666
1403636730.11356   3.7888400554657 -0.61711186170578  4.10529899597168 0.00784613750874996 -0.0295197665691376 -0.0313047133386135 0.999043047428131
1403636732.41356  3.44797778129578 -0.24807545542717  3.51584553718567 0.0210971552878618 -0.0317175574600697 -0.0310112591832876 0.998792886734009
1403636734.36356    3.02551507949829 -0.0838169306516647      2.407954454422 0.0155533626675606 -0.0396843366324902 -0.0342891737818718 0.998502612113953
1403636736.11356   2.48796200752258 -0.053694024682045   1.59897124767303 0.00882155448198318 -0.0409273989498615 -0.0296714566648006 0.998682498931885
1403636737.11356    2.19655275344849 -0.0802090093493462     1.3192640542984 0.0184160806238651 -0.0925439894199371 -0.0554135702550411 0.993994832038879
1403636738.66356   1.79881310462952 -0.201146990060806  0.961978673934937 -0.0033598798327148 -0.0774626731872559 -0.0335498973727226 0.996424913406372
1403636739.01356   1.80779206752777 -0.186521396040916  0.996120631694794 0.00942489597946405 -0.00475344667211175 0.0124227227643132 0.999867141246796
1403636739.51356    1.93783617019653 -0.0628095790743828    1.08800995349884 0.00964154116809368 0.141518861055374 0.035107184201479 0.989265859127045
1403636740.31356   2.15251517295837 0.0701167583465576   1.17161667346954 0.0111132767051458 0.183935672044754 0.0422426909208298 0.981967270374298
1403636741.31356  2.34285569190979 0.469493597745895  1.28321623802185 0.021171897649765 0.186476737260818 0.048295758664608 0.9810431599617
1403636743.11356  2.54213738441467 0.957929253578186  1.53016662597656 0.0019040908664465 0.179513856768608 0.0592734068632126 0.981966316699982
1403636743.81356 2.71873545646667 1.07854843139648 1.81747913360596 0.00193638913333416 0.201442927122116 0.0604434758424759 0.977631628513336
1403636744.96356 3.06840419769287 1.73247230052948 2.53631567955017 0.0206271894276142 0.23282253742218 0.0750023350119591 0.969403326511383
1403636749.26356  2.99180006980896 0.933642625808716  3.15518617630005 0.0238397251814604 0.264601647853851 0.106386460363865 0.958175122737885
1403636750.91356  2.93218970298767 0.429149866104126   2.8585364818573 0.0131090320646763 0.245052188634872 0.0664358139038086 0.967142105102539
1403636751.76356     2.72504186630249 -0.00258298683911562     2.59561586380005 0.00733410893008113 0.226162746548653 0.0949644520878792 0.969421684741974
1403636752.51356   2.73140907287598 -0.311845719814301   2.48903059959412 0.019368464127183 0.180249571800232 0.0505488254129887 0.982130229473114
1403636753.16356   2.71920156478882 -0.472229152917862   2.41671776771545 0.00931621249765158 0.0409888476133347 -0.0222383737564087 0.998868644237518
1403636753.56356   2.65761184692383 -0.447085946798325   2.41246700286865 0.0135461911559105 -0.0391387976706028 -0.0462823621928692 0.99806946516037
1403636754.66356   2.30429553985596 -0.478184521198273   2.20907425880432 0.026730278506875 -0.0555078089237213 -0.0542473122477531 0.996625065803528
1403636754.96356   2.16169595718384 -0.429019689559937   2.08426308631897 0.0258745700120926 -0.0988074243068695 -0.0665022060275078 0.992544770240784
1403636755.31356   1.97469699382782 -0.355915069580078    1.8998214006424 0.0162540040910244 -0.116788610816002 -0.0721098408102989 0.990402102470398
1403636756.26356   1.36696696281433 -0.254797577857971   1.39155960083008 0.0194504074752331 -0.114407815039158 -0.0664982721209526 0.991014897823334
1403636757.06356  0.829930603504181 -0.130433782935143  0.904464423656464 0.0230407286435366 -0.123445980250835 -0.0648305714130402 0.989963233470917
1403636757.66356  0.447298526763916 0.0333828069269657  0.471506655216217 -0.000496235094033182 -0.131873443722725 -0.0818559005856514 0.987880945205688
1403636758.11356   0.10773990303278 0.0239086654037237  0.162679150700569 0.0053213220089674 -0.157607138156891 -0.0792920142412186 0.984299004077911
