1403636579763555584.000000 0.000000000 0.000000000 0.000000000 -0.000000000 -0.000000000 -0.000000000 1.000000000
1403636580063555584.000000 -0.001889306 0.130292550 0.040058028 -0.020854430 0.006068967 -0.000669910 0.999763906
1403636580463555584.000000 -0.006896391 0.291797638 0.076272726 -0.055456489 0.003172607 -0.002190990 0.998453677
1403636580563555584.000000 -0.008878249 0.297168612 0.074828960 -0.070710510 0.002226293 -0.001830480 0.997492731
1403636580863555584.000000 -0.012022098 0.138427779 0.039444041 -0.049174067 0.012500823 -0.012626838 0.998632193
1403636581063555584.000000 -0.018287461 -0.008849036 0.007932593 -0.020368643 0.019397365 -0.019241991 0.999419153
1403636581213555456.000000 -0.018601786 -0.094319694 -0.011146471 0.002301404 0.020876540 -0.013699747 0.999685526
1403636582163555584.000000 -0.001085696 0.252740383 0.066100329 -0.053067632 0.020390483 -0.009706415 0.998335600
1403636584063555584.000000 0.012925135 0.275411636 0.073219672 -0.063987724 0.023523340 -0.012586462 0.997593999
1403636584863555584.000000 -0.000216104 -0.160513654 -0.017559931 0.013444933 0.046200301 -0.016949933 0.998697937
1403636586363555584.000000 0.005645239 0.108586639 -0.019517843 -0.166592717 0.043829266 0.012778994 0.984968305
1403636587663555584.000000 0.158910617 0.084607720 -0.004515575 -0.195680246 0.034921635 0.018021459 0.979880095
1403636588213555456.000000 0.334416568 0.086446069 0.012868402 -0.204991013 0.065685615 0.032189343 0.976026654
1403636589613555456.000000 -0.076804169 0.092882827 -0.038364239 -0.193398952 0.020672854 0.013846783 0.980804682
1403636589863555584.000000 -0.188011110 0.105052002 -0.046564862 -0.197186291 0.006876831 0.009351294 0.980297327
1403636590163555584.000000 -0.265920430 0.114967845 -0.052154765 -0.192335740 -0.016276948 0.009259052 0.981150508
1403636592163555584.000000 0.231962055 0.103040338 0.043526221 -0.149902865 0.098439686 0.039130487 0.983009458
1403636592613555456.000000 0.234654576 0.063917384 0.164181188 -0.158234179 0.068826497 0.036806744 0.984312057
1403636592913555456.000000 0.127942279 0.049635489 0.226669937 -0.156627566 -0.002994753 0.011795238 0.987582803
1403636593063555584.000000 0.040804993 0.055186264 0.216918766 -0.165486991 -0.045876857 0.001981869 0.985142350
1403636593213555456.000000 -0.051857404 0.068500914 0.177549705 -0.168682903 -0.083543375 -0.005834076 0.982106149
1403636593363555584.000000 -0.125235528 0.086077347 0.118290007 -0.173500791 -0.107888818 -0.005027894 0.978893340
1403636593663555584.000000 -0.159448743 0.141774863 -0.011188019 -0.188702509 -0.088862032 0.004489805 0.977995276
1403636593813555456.000000 -0.120094307 0.167532012 -0.065050773 -0.197254717 -0.049129046 0.022772968 0.978855610
1403636593913555456.000000 -0.078782320 0.177629992 -0.093567826 -0.191023633 -0.010278520 0.038273469 0.980785191
1403636594063555584.000000 0.000090290 0.183497578 -0.118143246 -0.175452739 0.050032455 0.056588214 0.981585920
1403636594363555584.000000 0.173526406 0.170635998 -0.079643786 -0.173778281 0.129085138 0.073563918 0.973512471
1403636594713555456.000000 0.296378225 0.121568255 0.075045593 -0.145232096 0.136011809 0.064456321 0.977882326
1403636594913555456.000000 0.236868441 0.105938181 0.151963785 -0.137479514 0.095264785 0.047003105 0.984791696
1403636595113555456.000000 0.093151622 0.104635023 0.174461633 -0.138378114 0.018094234 0.018033257 0.990049958
1403636595313555456.000000 -0.048036117 0.122311488 0.154655263 -0.149305806 -0.051788226 0.000191579 0.987433910
1403636595463555584.000000 -0.100896627 0.138571292 0.114551477 -0.154081449 -0.076553375 -0.006379026 0.985067427
1403636595813555456.000000 -0.008706173 0.181013435 0.013222506 -0.164807603 -0.043858550 -0.007961969 0.985317945
1403636595963555584.000000 0.075098448 0.199984089 -0.021641884 -0.165799767 0.003501344 0.002060247 0.986151099
1403636596113555456.000000 0.134554625 0.218554512 -0.063695982 -0.172065139 0.046967059 0.015256028 0.983847022
1403636596613555456.000000 0.014188651 0.233277634 -0.238940388 -0.157933250 0.063791275 0.019966908 0.985184848
1403636597513555456.000000 0.060730457 0.120365396 0.101948038 -0.165569022 0.001268116 -0.023229603 0.985923767
1403636598163555584.000000 -0.035108838 0.164512709 0.027357392 -0.156305134 -0.076457709 -0.048795082 0.983535469
1403636598363555584.000000 -0.022379488 0.207335964 -0.023464750 -0.186768353 -0.063448697 -0.054541800 0.978834510
1403636598763555584.000000 0.021752596 0.236559242 0.070385702 -0.144630909 -0.079787053 -0.055202249 0.984717607
1403636598863555584.000000 0.029506559 0.245554283 0.107739843 -0.121146515 -0.089230992 -0.052108310 0.987241685
1403636599013555456.000000 0.040775388 0.266230375 0.157781124 -0.093582094 -0.092135735 -0.050086163 0.990073144
1403636599113555456.000000 0.044688322 0.277110130 0.181415528 -0.075353056 -0.098203763 -0.045883872 0.991248012
1403636599163555584.000000 0.045871146 0.280198157 0.190459907 -0.063002273 -0.102524661 -0.042493705 0.991823435
1403636599463555584.000000 0.050322153 0.294755846 0.235704675 -0.000050801 -0.096118890 -0.036295056 0.994707942
1403636599613555456.000000 0.051792223 0.304551929 0.249161422 -0.007472077 -0.085220329 -0.031700552 0.995829701
1403636600013555456.000000 0.057790160 0.312482983 0.252839923 0.015732905 -0.083246931 -0.024875941 0.996094167
1403636624463555584.000000 0.066737615 0.314325958 0.248755261 0.002738341 -0.076967470 -0.019167328 0.996845603
1403636624863555584.000000 0.111708067 0.322947353 0.221096262 -0.007536840 -0.063660048 -0.045041665 0.996926188
1403636625013555456.000000 0.135480046 0.314600140 0.195941180 -0.025777148 -0.057741359 -0.066455074 0.995783746
1403636625163555584.000000 0.147629127 0.287339151 0.168418929 -0.039674353 -0.058372356 -0.066521384 0.995285630
1403636627763555584.000000 0.225601614 -0.051237267 0.113650866 -0.022999052 -0.060277876 -0.042108692 0.997027814
1403636629113555456.000000 0.455570281 -0.195714787 0.188116774 -0.028552156 0.002336632 -0.023781514 0.999306619
1403636629613555456.000000 0.604466200 -0.240370035 0.275913745 -0.015432282 0.050686464 0.009330550 0.998551786
1403636629963555584.000000 0.751537323 -0.199750468 0.373282492 -0.037789341 0.122818694 0.025646308 0.991377771
1403636630163555584.000000 0.840084553 -0.208595842 0.447305143 -0.024013527 0.146379307 0.030694030 0.988460600
1403636630313555456.000000 0.909554660 -0.236106172 0.498316467 -0.007501682 0.155256897 0.030604012 0.987371445
1403636630813555456.000000 1.130015254 -0.364392996 0.644810915 -0.019392572 0.150935292 0.020550812 0.988139749
1403636631913555456.000000 1.534709096 -0.434487581 1.084935308 -0.014604217 0.138585269 0.013940439 0.990144670
1403636633363555584.000000 1.826452851 -0.543845057 1.707061768 -0.022774270 0.025812222 -0.019554354 0.999216080
1403636634513555456.000000 2.102815628 -0.752293646 2.442533493 -0.010823231 0.032561097 -0.014741831 0.999302447
1403636635563555584.000000 2.357836008 -0.975557446 3.133215666 -0.028390858 -0.011000798 -0.020522090 0.999325693
1403636636263555584.000000 2.561770201 -1.310954690 3.591902494 -0.020012185 -0.003999479 -0.026465878 0.999441385
1403636637563555584.000000 2.801778316 -1.615138054 4.272295952 -0.022921337 -0.011401094 -0.034532487 0.999075651
1403636638963555584.000000 2.852490425 -1.864904404 4.926770687 -0.024019439 -0.022680867 -0.024336156 0.999157846
1403636639913555456.000000 3.105009079 -1.958015442 5.595334530 -0.004517565 -0.022813909 -0.033334915 0.999173641
1403636641013555456.000000 3.350166082 -2.127214909 6.141206741 -0.010119928 -0.059367850 -0.053227756 0.996764719
1403636643963555584.000000 3.804770947 -2.364414215 6.820036888 -0.047557674 -0.004109240 -0.028088391 0.998465061
1403636645063555584.000000 4.130444050 -2.337593317 7.430492878 -0.025124993 0.000932707 -0.026676422 0.999327898
1403636646113555456.000000 4.525047779 -2.520885944 8.205939293 -0.020849971 0.015839003 -0.008692993 0.999619365
1403636646713555456.000000 4.820381641 -2.765921593 8.700964928 0.009133576 0.140726954 0.028052153 0.989608824
1403636647763555584.000000 5.333558559 -3.101689100 9.183447838 0.009889929 0.147070467 0.037208121 0.988376498
1403636648613555456.000000 5.825531483 -3.048752308 9.337714195 0.007363778 0.312432945 0.088951521 0.945737302
1403636650513555456.000000 6.659262657 -3.359069824 9.088535309 0.003448206 0.443869889 0.126087189 0.887169480
1403636652463555584.000000 6.778811455 -3.023625612 8.376526833 -0.006594260 0.616435111 0.201236457 0.761228025
1403636653913555456.000000 6.969752312 -2.844458580 7.685284138 0.008898822 0.638344526 0.178052366 0.748822033
1403636655013555456.000000 6.881891727 -2.734173298 7.260111809 0.002451134 0.714566171 0.217829898 0.664785266
1403636655913555456.000000 6.620943069 -2.528748035 7.005894184 0.009107835 0.761768579 0.258195043 0.594105184
1403636656513555456.000000 6.401192665 -2.403266907 6.752894402 -0.000463965 0.791069925 0.269410461 0.549205005
1403636657513555456.000000 6.032490253 -2.237653732 6.283944607 0.019434920 0.784126222 0.261787474 0.562348366
1403636658413555456.000000 5.567507267 -1.951822519 5.757227421 -0.006036532 0.793354630 0.266867757 0.547113895
1403636659463555584.000000 5.250370026 -1.535933495 5.209897518 -0.007014810 0.799840569 0.249865398 0.545685947
1403636660313555456.000000 5.046690464 -1.226267457 5.053426743 -0.023157682 0.798686445 0.268230587 0.538159847
1403636661463555584.000000 5.199993134 -0.834768653 5.152402878 -0.000975404 0.807598948 0.236718848 0.540136158
1403636663413555456.000000 5.111207008 -0.842160583 5.665710926 -0.025972620 0.796622276 0.279497832 0.535349727
1403636664763555584.000000 5.793531418 -0.706552267 6.037976742 0.000625295 0.792377770 0.236156940 0.562465072
1403636666263555584.000000 6.577404499 -1.109570026 6.841793537 0.011578562 0.788811922 0.242121205 0.564817786
1403636668113555456.000000 7.168570042 -1.354182720 7.594009876 -0.003309621 0.777041912 0.260702312 0.572912812
1403636669363555584.000000 7.754582882 -1.325906515 8.092653275 -0.001026698 0.796979487 0.234890476 0.556461215
1403636669863555584.000000 7.920443058 -1.380373716 8.426460266 0.037407767 0.795989871 0.226268038 0.560181737
1403636671813555456.000000 6.557857990 -1.443497419 7.364474773 -0.049329061 0.566695869 0.202243999 0.797194898
1403636673313555456.000000 6.250852108 -1.265274763 6.328814030 -0.060084075 0.526945293 0.165607661 0.831440091
1403636675713555456.000000 7.085332394 -1.349719524 7.412413597 -0.020312695 0.453654736 0.097861916 0.885555148
1403636676513555456.000000 7.421103477 -1.356228113 8.058301926 -0.033360623 0.297604889 0.044414427 0.953071773
1403636677713555456.000000 7.646211624 -1.558950424 9.038479805 0.019732464 0.174955577 0.028388225 0.983969152
1403636678663555584.000000 7.698228359 -1.765807390 9.426662445 -0.012729714 -0.016229646 -0.031662282 0.999285758
1403636679913555456.000000 7.563729763 -1.922169089 9.670142174 0.006851480 -0.255322129 -0.112788551 0.960230410
1403636681863555584.000000 6.783616066 -1.849237561 8.922299385 -0.000171445 -0.244191229 -0.116279222 0.962730348
1403636683513555456.000000 5.891146660 -1.600948811 7.995373726 -0.002914250 -0.247102663 -0.107802324 0.962969601
1403636685363555584.000000 5.141110897 -1.197188377 6.815051079 -0.008500388 -0.249874368 -0.123468146 0.960336506
1403636686313555456.000000 4.840314388 -0.927011192 6.170406818 -0.018385395 -0.249653399 -0.106369756 0.962299705
1403636687063555584.000000 4.588924885 -0.785111666 5.740385056 -0.015353601 -0.253162444 -0.103392139 0.961760461
1403636687763555584.000000 4.413372993 -0.657794595 5.423246861 -0.006449499 -0.258885890 -0.100070402 0.960688531
1403636688363555584.000000 4.322835922 -0.398765802 5.196000099 -0.006580334 -0.257537335 -0.108443260 0.960141301
1403636688913555456.000000 4.219376087 -0.163270235 4.972083569 -0.009572801 -0.259606987 -0.127260983 0.957244635
1403636689513555456.000000 4.027046204 -0.075340807 4.683833122 -0.026154853 -0.292566955 -0.122381486 0.948020756
1403636690463555584.000000 3.717656136 -0.199683204 4.540100098 -0.039037742 -0.287490547 -0.117043458 0.949803174
1403636691213555456.000000 3.629456282 -0.284363866 4.828733444 0.018862102 -0.310237378 -0.054526351 0.948906720
1403636691713555456.000000 3.924383163 -0.442458242 4.979318619 -0.004568711 -0.299676836 -0.118691839 0.946617782
1403636692863555584.000000 4.688831806 -0.917131186 5.048512459 -0.010889904 -0.280600458 -0.153221324 0.947453499
1403636693763555584.000000 4.948843479 -1.148968101 5.022432804 -0.054307740 -0.292788416 -0.132778496 0.945354700
1403636695313555456.000000 4.982279301 -1.286604166 5.406825066 -0.014873101 -0.291817516 -0.118139386 0.949033439
1403636699163555584.000000 4.413777351 -1.059253812 5.142178059 -0.017893406 0.031973563 -0.003971763 0.999320686
1403636700113555456.000000 4.255005836 -0.971161723 5.014616489 -0.008632675 0.222599357 0.074319191 0.972034812
1403636701013555456.000000 4.396609783 -0.655819058 4.940685272 -0.011970385 0.288994551 0.084257990 0.953540504
1403636702313555456.000000 4.765020370 -0.576586604 4.790869713 -0.010150009 0.361426979 0.108796835 0.925975621
1403636703513555456.000000 5.201574802 -0.245702624 4.948015213 -0.003511602 0.384502649 0.114080302 0.916040957
1403636705013555456.000000 5.862285137 -0.202541351 5.125878811 -0.055183705 0.368498147 0.112263210 0.921173632
1403636705813555456.000000 6.346484184 -0.242897451 5.569665909 -0.025658043 0.370620817 0.101347663 0.922881663
1403636706163555584.000000 6.562660217 -0.303533494 5.801121712 0.005655888 0.360657871 0.119763382 0.924959838
1403636706863555584.000000 6.988638878 -0.367774367 6.206952095 -0.031208593 0.367874175 0.094255760 0.924559653
1403636708063555584.000000 7.622993946 -0.817012906 7.074684143 -0.017659524 0.372362971 0.110158518 0.921357214
1403636709113555456.000000 8.254967690 -0.890913486 7.866212845 0.006659856 0.387076735 0.082153916 0.918356121
1403636710663555584.000000 8.428023338 -1.086951375 8.917557716 0.004876869 0.332646042 0.108428411 0.936784983
1403636712213555456.000000 8.037663460 -1.275862217 9.569948196 0.012971471 0.261547536 0.073370904 0.962310433
1403636713863555584.000000 6.985716820 -1.627393961 9.078614235 0.001044677 0.197831795 0.063275300 0.978191078
1403636715263555584.000000 6.409225941 -1.556257725 8.401062012 -0.032504126 0.085870579 -0.000097466 0.995775938
1403636719713555456.000000 5.293508530 -0.802258253 6.599775314 -0.005916978 -0.167480648 -0.073496282 0.983114183
1403636723463555584.000000 5.112608910 -0.274870902 5.310092449 -0.005301374 -0.018184850 -0.039975286 0.999021113
1403636728213555456.000000 4.724496365 -0.630566597 3.867890596 -0.001294121 0.093156926 -0.004388624 0.995640934
1403636729913555456.000000 4.237651825 -0.524898052 3.177458286 -0.009729798 0.024200317 -0.020128096 0.999457121
1403636732663555584.000000 3.833073378 -0.200600415 2.578309774 0.012934240 0.029240204 -0.047528077 0.998358071
1403636734313555456.000000 3.402812719 -0.146368340 1.801291943 -0.005663973 0.014623080 -0.024684558 0.999572277
1403636737263555584.000000 2.533640623 -0.178028941 0.978426516 -0.007520859 -0.043208323 -0.040676769 0.998209357
1403636741063555584.000000 2.681470871 0.147306174 0.908094168 -0.004787155 0.229063377 0.035510033 0.972751856
1403636743263555584.000000 2.913079023 0.729210496 1.116714597 -0.043582000 0.240314230 0.073180594 0.966951013
1403636744713555456.000000 3.330199957 1.200879812 1.736279845 0.016791916 0.282750368 0.093322724 0.954495251
1403636746113555456.000000 3.654631853 1.518743753 1.991442204 -0.001511531 0.308201551 0.057822678 0.949561000
1403636749663555584.000000 3.472417593 0.620752454 2.336706400 -0.001809306 0.331748873 0.074115030 0.940450132
1403636752363555584.000000 3.160919905 -0.263383061 1.898962259 -0.002588789 0.259942234 0.064875886 0.963438869
1403636752963555584.000000 3.154277325 -0.452189177 1.846119881 -0.010765242 0.141227797 0.011604234 0.989850581
1403636754613555456.000000 2.788459063 -0.492705375 1.739601254 0.002657295 0.005683865 -0.042159218 0.999091208
1403636755963555584.000000 2.068973541 -0.375822365 1.302575588 -0.010937293 -0.057167728 -0.054947447 0.996791363
1403636757363555584.000000 1.201926827 -0.241691336 0.756854951 -0.002253952 -0.065183751 -0.055120911 0.996347189
1403636760213555456.000000 0.057777073 0.107716158 0.158426777 -0.025150420 -0.105733179 -0.058006041 0.992382646
1403636761813555456.000000 -0.069890238 0.284653246 0.112347469 -0.008217124 -0.112048723 -0.042222992 0.992771268
1403636762363555584.000000 -0.118092619 0.256728232 0.106576942 -0.033269729 -0.095327020 -0.079853565 0.991680026
1403636762563555584.000000 -0.159604222 0.270991474 0.118590124 -0.032525249 -0.108626716 -0.038457204 0.992805839
1403636762763555584.000000 -0.186838523 0.314121425 0.155584559 -0.013097912 -0.112721682 -0.027823381 0.993150651
1403636762863555584.000000 -0.193745494 0.319578558 0.133713901 0.005688984 -0.103853092 -0.057815056 0.992894590
1403636762913555456.000000 -0.200516507 0.317629367 0.127567619 0.017106593 -0.099141851 -0.064294621 0.992846668
1403636762963555584.000000 -0.189108431 0.325006008 0.122802503 -0.011917102 -0.087512955 -0.080886938 0.992802501
1403636763013555456.000000 -0.154022053 0.318142176 0.195306614 -0.012070894 -0.084827758 -0.057858087 0.994641125
1403636763063555584.000000 -0.141666770 0.325285822 0.188842610 -0.012273408 -0.077908158 -0.043799605 0.995922327
1403636763113555456.000000 -0.136374697 0.324926168 0.184039354 -0.004595576 -0.071197748 -0.035545025 0.996818125
1403636763313555456.000000 -0.135033295 0.324792027 0.189671829 -0.001836176 -0.063105598 -0.026621025 0.997650087
